0	18.239
0.6	17.273
1.2	16.87
1.8	16.564
2.4	16.306
3	16.078
3.6	15.872
4.2	15.682
4.8	15.506
5.4	15.338
6	15.144
6.6	14.861
7.2	14.588
7.8	14.656
8.4	14.769
9	14.894
9.6	14.781
10.2	14.52
10.8	14.267
11.4	14.021
12	13.777
12.6	13.536
13.2	13.299
13.8	13.07
14.4	12.844
15	12.605
15.6	12.368
16.2	12.149
16.8	11.936
17.4	11.724
18	11.524
18.6	11.313
19.2	11.106
19.8	10.915
20.4	10.727
21	10.541
21.6	10.334
22.2	10.153
22.8	9.9751
23.4	9.7886
24	9.6148
24.6	9.4535
25.2	9.2849
25.8	9.1153
26.4	8.9611
27	8.7965
27.6	8.6335
28.2	8.4829
28.8	8.328
29.4	8.1789
30	8.0429
30.6	7.8946
31.2	7.7672
31.8	7.6417
32.4	7.4966
33	7.3729
33.6	7.2304
34.2	7.1086
34.8	6.9839
35.4	6.8587
36	6.7502
36.6	6.6269
37.2	6.5229
37.8	6.4042
38.4	6.3042
39	6.1958
39.6	6.0884
40.2	5.9813
40.8	5.8823
41.4	5.7925
42	5.6873
42.6	5.6031
43.2	5.5016
43.8	5.4211
44.4	5.325
45	5.2459
45.6	5.1522
46.2	5.0755
46.8	4.9852
47.4	4.9201
48	4.8386
48.6	4.7739
49.2	4.6934
49.8	4.6292
50.4	4.5508
51	4.4892
51.6	4.4118
52.2	4.3577
52.8	4.2893
53.4	4.2289
54	4.173
54.6	4.1173
55.2	4.0619
55.8	3.9992
56.4	3.9518
57	3.8898
57.6	3.8459
58.2	3.787
58.8	3.7447
59.4	3.696
60	3.6548
60.6	3.6135
61.2	3.5653
61.8	3.5317
62.4	3.4837
63	3.4505
63.6	3.4031
64.2	3.3636
64.8	3.3313
65.4	3.2921
66	3.267
66.6	3.2308
67.2	3.2085
67.8	3.1724
68.4	3.1432
69	3.1143
69.6	3.0785
70.2	3.0606
70.8	3.0305
71.4	3.0071
72	2.9848
72.6	2.9565
73.2	2.9416
73.8	2.9143
74.4	2.8946
75	2.875
75.6	2.85
76.2	2.8412
76.8	2.8194
77.4	2.7977
78	2.7899
78.6	2.7691
79.2	2.7612
79.8	2.7417
80.4	2.7223
81	2.7157
81.6	2.699
82.2	2.6904
82.8	2.6818
83.4	2.6672
84	2.6655
84.6	2.6515
85.2	2.6375
85.8	2.6359
86.4	2.6221
87	2.6142
87.6	2.6097
88.2	2.6001
88.8	2.5967
89.4	2.5933
90	2.5845
90.6	2.5876
91.2	2.5788
91.8	2.5701
92.4	2.5732
93	2.5645
93.6	2.5576
94.2	2.563
94.8	2.5566
95.4	2.5564
96	2.557
96.6	2.5517
97.2	2.5523
97.8	2.5537
98.4	2.5492
99	2.5507
99.6	2.5527
100.2	2.5494
100.8	2.552
101.4	2.5544
102	2.5516
102.6	2.5546
103.2	2.5573
103.8	2.5549
104.4	2.5583
105	2.5613
105.6	2.5596
106.2	2.5642
106.8	2.5683
107.4	2.5672
108	2.5717
108.6	2.576
109.2	2.575
109.8	2.5798
110.4	2.5846
111	2.584
111.6	2.589
112.2	2.5943
112.8	2.5941
113.4	2.5993
114	2.6046
114.6	2.6046
115.2	2.6045
115.8	2.6151
116.4	2.6153
117	2.6154
117.6	2.6261
118.2	2.6264
118.8	2.6268
119.4	2.6376
120	2.638
120.6	2.6384
121.2	2.6441
121.8	2.6495
122.4	2.6499
123	2.6554
123.6	2.6609
124.2	2.6613
124.8	2.6617
125.4	2.6723
126	2.6727
126.6	2.6731
127.2	2.6836
127.8	2.684
128.4	2.6842
129	2.6895
129.6	2.6947
130.2	2.6948
130.8	2.695
131.4	2.7051
132	2.7052
132.6	2.7053
133.2	2.7153
133.8	2.7154
134.4	2.7152
135	2.7198
135.6	2.7246
136.2	2.7243
136.8	2.724
137.4	2.7334
138	2.7331
138.6	2.7328
139.2	2.7374
139.8	2.7417
140.4	2.741
141	2.7403
141.6	2.749
142.2	2.7482
142.8	2.7474
143.4	2.7513
144	2.7551
144.6	2.7542
145.2	2.7532
145.8	2.7614
146.4	2.7601
147	2.7588
147.6	2.762
148.2	2.7649
148.8	2.7631
149.4	2.761
150	2.6988
150.6	2.6108
151.2	2.5228
151.8	2.4349
152.4	2.3521
153	2.2649
153.6	2.178
154.2	2.0959
154.8	2.0099
155.4	1.9241
156	1.8384
156.6	1.7578
157.2	1.6731
157.8	1.589
158.4	1.5656
159	1.5682
159.6	1.571
160.2	1.5738
160.8	1.5765
161.4	1.5796
162	1.5828
162.6	1.586
163.2	1.5894
163.8	1.5929
164.4	1.5964
165	1.6
165.6	1.6037
166.2	1.6073
166.8	1.6112
167.4	1.6152
168	1.6192
168.6	1.6239
169.2	1.6289
169.8	1.634
170.4	1.6393
171	1.6448
171.6	1.6502
172.2	1.6558
172.8	1.6613
173.4	1.6668
174	1.6729
174.6	1.6791
175.2	1.6854
175.8	1.6932
176.4	1.7015
177	1.7097
177.6	1.718
178.2	1.7264
178.8	1.7347
179.4	1.7432
180	1.7516
180.6	1.7605
181.2	1.7706
181.8	1.7807
182.4	1.7918
183	1.8039
183.6	1.8161
184.2	1.8284
184.8	1.8407
185.4	1.8531
186	1.8663
186.6	1.8795
187.2	1.8933
187.8	1.9084
188.4	1.9236
189	1.9395
189.6	1.9558
190.2	1.9721
190.8	1.9898
191.4	2.0074
192	2.026
192.6	2.0455
193.2	2.0651
193.8	2.0862
194.4	2.1073
195	2.1286
195.6	2.1501
196.2	2.1716
196.8	2.195
197.4	2.2184
198	2.2437
198.6	2.2705
199.2	2.2977
199.8	2.3262
200.4	2.3547
201	2.3837
201.6	2.4128
202.2	2.4422
202.8	2.4719
203.4	2.5025
204	2.5353
204.6	2.5686
205.2	2.6062
205.8	2.6438
206.4	2.6821
207	2.7206
207.6	2.7597
208.2	2.7989
208.8	2.8389
209.4	2.879
210	2.9221
210.6	2.9663
211.2	3.0127
211.8	3.0599
212.4	3.1088
213	3.1581
213.6	3.2086
214.2	3.2593
214.8	3.3113
215.4	3.3642
216	3.4193
216.6	3.476
217.2	3.5341
217.8	3.5936
218.4	3.6538
219	3.7156
219.6	3.7786
220.2	3.8425
220.8	3.9086
221.4	3.9755
222	4.0433
222.6	4.1126
223.2	4.1838
223.8	4.2569
224.4	4.332
225	4.4101
225.6	4.4911
226.2	4.5714
226.8	4.6526
227.4	4.7262
228	4.7831
228.6	4.8347
229.2	4.8897
229.8	4.9486
230.4	5.013
231	5.0849
231.6	5.1669
232.2	5.2663
232.8	5.4036
233.4	0