LECROYWRHRO66Zi,58279,Histogram
Segments,1,SegmentSize,993
Segment,TrigTime,TimeSinceSegment1
#1,11-Feb-2016 21:17:59,0                 
Time,Ampl
-9.3e-008,0
-9.2e-008,0
-9.1e-008,0
-9e-008,0
-8.9e-008,0
-8.8e-008,0
-8.7e-008,0
-8.6e-008,0
-8.5e-008,0
-8.4e-008,0
-8.3e-008,0
-8.2e-008,0
-8.1e-008,0
-8e-008,0
-7.9e-008,0
-7.8e-008,0
-7.7e-008,0
-7.6e-008,0
-7.5e-008,0
-7.4e-008,0
-7.3e-008,0
-7.2e-008,0
-7.1e-008,0
-7e-008,0
-6.9e-008,0
-6.8e-008,0
-6.7e-008,0
-6.6e-008,0
-6.5e-008,0
-6.4e-008,0
-6.3e-008,0
-6.2e-008,0
-6.1e-008,0
-6e-008,0
-5.9e-008,0
-5.8e-008,0
-5.7e-008,0
-5.6e-008,0
-5.5e-008,0
-5.4e-008,0
-5.3e-008,0
-5.2e-008,0
-5.1e-008,0
-5e-008,0
-4.9e-008,0
-4.8e-008,0
-4.7e-008,0
-4.6e-008,0
-4.5e-008,0
-4.4e-008,0
-4.3e-008,0
-4.2e-008,0
-4.1e-008,0
-4e-008,1
-3.9e-008,0
-3.8e-008,0
-3.7e-008,0
-3.6e-008,0
-3.5e-008,0
-3.4e-008,1
-3.3e-008,0
-3.2e-008,1
-3.1e-008,1
-3e-008,0
-2.9e-008,1
-2.8e-008,1
-2.7e-008,0
-2.6e-008,0
-2.5e-008,0
-2.4e-008,1
-2.3e-008,3
-2.2e-008,2
-2.1e-008,2
-2e-008,3
-1.9e-008,5
-1.8e-008,3
-1.7e-008,10
-1.6e-008,19
-1.5e-008,11
-1.4e-008,14
-1.3e-008,18
-1.2e-008,17
-1.1e-008,23
-1e-008,20
-9e-009,30
-8e-009,36
-7e-009,21
-6e-009,38
-5e-009,32
-4e-009,25
-3e-009,48
-2e-009,47
-1e-009,26
-1.29e-022,49
1e-009,47
2e-009,39
3e-009,36
4e-009,38
5e-009,34
6e-009,57
7e-009,46
8e-009,30
9e-009,43
1e-008,50
1.1e-008,41
1.2e-008,49
1.3e-008,51
1.4e-008,39
1.5e-008,45
1.6e-008,38
1.7e-008,42
1.8e-008,59
1.9e-008,42
2e-008,48
2.1e-008,43
2.2e-008,40
2.3e-008,32
2.4e-008,55
2.5e-008,37
2.6e-008,38
2.7e-008,40
2.8e-008,41
2.9e-008,51
3e-008,44
3.1e-008,34
3.2e-008,30
3.3e-008,44
3.4e-008,50
3.5e-008,42
3.6e-008,58
3.7e-008,47
3.8e-008,48
3.9e-008,41
4e-008,48
4.1e-008,30
4.2e-008,45
4.3e-008,36
4.4e-008,45
4.5e-008,45
4.6e-008,48
4.7e-008,38
4.8e-008,34
4.9e-008,40
5e-008,46
5.1e-008,42
5.2e-008,49
5.3e-008,41
5.4e-008,45
5.5e-008,32
5.6e-008,45
5.7e-008,48
5.8e-008,42
5.9e-008,41
6e-008,52
6.1e-008,41
6.2e-008,47
6.3e-008,62
6.4e-008,49
6.5e-008,45
6.6e-008,44
6.7e-008,48
6.8e-008,56
6.9e-008,36
7e-008,34
7.1e-008,38
7.2e-008,40
7.3e-008,51
7.4e-008,53
7.5e-008,54
7.6e-008,45
7.7e-008,38
7.8e-008,39
7.9e-008,35
8e-008,52
8.1e-008,44
8.2e-008,29
8.3e-008,40
8.4e-008,44
8.5e-008,48
8.6e-008,50
8.7e-008,48
8.8e-008,53
8.9e-008,38
9e-008,37
9.1e-008,39
9.2e-008,48
9.3e-008,40
9.4e-008,41
9.5e-008,38
9.6e-008,43
9.7e-008,49
9.8e-008,48
9.9e-008,63
1e-007,39
1.01e-007,36
1.02e-007,39
1.03e-007,39
1.04e-007,53
1.05e-007,43
1.06e-007,46
1.07e-007,41
1.08e-007,41
1.09e-007,46
1.1e-007,41
1.11e-007,49
1.12e-007,36
1.13e-007,32
1.14e-007,36
1.15e-007,45
1.16e-007,43
1.17e-007,57
1.18e-007,39
1.19e-007,53
1.2e-007,39
1.21e-007,47
1.22e-007,42
1.23e-007,40
1.24e-007,48
1.25e-007,52
1.26e-007,40
1.27e-007,45
1.28e-007,42
1.29e-007,34
1.3e-007,43
1.31e-007,44
1.32e-007,40
1.33e-007,43
1.34e-007,37
1.35e-007,36
1.36e-007,31
1.37e-007,37
1.38e-007,26
1.39e-007,33
1.4e-007,33
1.41e-007,27
1.42e-007,27
1.43e-007,36
1.44e-007,25
1.45e-007,31
1.46e-007,24
1.47e-007,34
1.48e-007,25
1.49e-007,36
1.5e-007,31
1.51e-007,23
1.52e-007,25
1.53e-007,35
1.54e-007,26
1.55e-007,20
1.56e-007,24
1.57e-007,23
1.58e-007,36
1.59e-007,22
1.6e-007,27
1.61e-007,23
1.62e-007,25
1.63e-007,28
1.64e-007,19
1.65e-007,25
1.66e-007,37
1.67e-007,22
1.68e-007,20
1.69e-007,21
1.7e-007,27
1.71e-007,28
1.72e-007,29
1.73e-007,28
1.74e-007,43
1.75e-007,20
1.76e-007,31
1.77e-007,22
1.78e-007,18
1.79e-007,35
1.8e-007,24
1.81e-007,25
1.82e-007,25
1.83e-007,23
1.84e-007,26
1.85e-007,20
1.86e-007,23
1.87e-007,17
1.88e-007,24
1.89e-007,27
1.9e-007,22
1.91e-007,33
1.92e-007,22
1.93e-007,23
1.94e-007,25
1.95e-007,27
1.96e-007,21
1.97e-007,29
1.98e-007,24
1.99e-007,28
2e-007,24
2.01e-007,20
2.02e-007,14
2.03e-007,26
2.04e-007,19
2.05e-007,30
2.06e-007,14
2.07e-007,24
2.08e-007,21
2.09e-007,25
2.1e-007,14
2.11e-007,21
2.12e-007,19
2.13e-007,20
2.14e-007,25
2.15e-007,21
2.16e-007,22
2.17e-007,23
2.18e-007,22
2.19e-007,18
2.2e-007,18
2.21e-007,21
2.22e-007,24
2.23e-007,23
2.24e-007,20
2.25e-007,20
2.26e-007,15
2.27e-007,17
2.28e-007,23
2.29e-007,15
2.3e-007,20
2.31e-007,17
2.32e-007,18
2.33e-007,24
2.34e-007,21
2.35e-007,18
2.36e-007,19
2.37e-007,17
2.38e-007,17
2.39e-007,20
2.4e-007,19
2.41e-007,15
2.42e-007,22
2.43e-007,25
2.44e-007,13
2.45e-007,21
2.46e-007,21
2.47e-007,19
2.48e-007,19
2.49e-007,11
2.5e-007,20
2.51e-007,22
2.52e-007,16
2.53e-007,24
2.54e-007,24
2.55e-007,10
2.56e-007,12
2.57e-007,16
2.58e-007,18
2.59e-007,12
2.6e-007,19
2.61e-007,11
2.62e-007,16
2.63e-007,12
2.64e-007,15
2.65e-007,12
2.66e-007,12
2.67e-007,19
2.68e-007,13
2.69e-007,20
2.7e-007,16
2.71e-007,17
2.72e-007,17
2.73e-007,17
2.74e-007,18
2.75e-007,26
2.76e-007,19
2.77e-007,11
2.78e-007,14
2.79e-007,15
2.8e-007,15
2.81e-007,19
2.82e-007,14
2.83e-007,15
2.84e-007,12
2.85e-007,20
2.86e-007,22
2.87e-007,17
2.88e-007,14
2.89e-007,20
2.9e-007,11
2.91e-007,12
2.92e-007,22
2.93e-007,19
2.94e-007,19
2.95e-007,19
2.96e-007,23
2.97e-007,15
2.98e-007,20
2.99e-007,22
3e-007,14
3.01e-007,17
3.02e-007,8
3.03e-007,19
3.04e-007,11
3.05e-007,21
3.06e-007,10
3.07e-007,17
3.08e-007,18
3.09e-007,23
3.1e-007,18
3.11e-007,10
3.12e-007,8
3.13e-007,19
3.14e-007,12
3.15e-007,17
3.16e-007,12
3.17e-007,15
3.18e-007,14
3.19e-007,12
3.2e-007,13
3.21e-007,20
3.22e-007,16
3.23e-007,14
3.24e-007,15
3.25e-007,11
3.26e-007,11
3.27e-007,13
3.28e-007,13
3.29e-007,22
3.3e-007,11
3.31e-007,13
3.32e-007,16
3.33e-007,16
3.34e-007,7
3.35e-007,8
3.36e-007,6
3.37e-007,8
3.38e-007,17
3.39e-007,16
3.4e-007,12
3.41e-007,14
3.42e-007,9
3.43e-007,7
3.44e-007,22
3.45e-007,11
3.46e-007,17
3.47e-007,8
3.48e-007,13
3.49e-007,18
3.5e-007,9
3.51e-007,13
3.52e-007,4
3.53e-007,13
3.54e-007,10
3.55e-007,17
3.56e-007,9
3.57e-007,14
3.58e-007,14
3.59e-007,9
3.6e-007,10
3.61e-007,18
3.62e-007,10
3.63e-007,7
3.64e-007,11
3.65e-007,12
3.66e-007,16
3.67e-007,7
3.68e-007,10
3.69e-007,10
3.7e-007,13
3.71e-007,12
3.72e-007,5
3.73e-007,8
3.74e-007,11
3.75e-007,12
3.76e-007,16
3.77e-007,11
3.78e-007,12
3.79e-007,16
3.8e-007,17
3.81e-007,12
3.82e-007,13
3.83e-007,16
3.84e-007,8
3.85e-007,7
3.86e-007,13
3.87e-007,12
3.88e-007,16
3.89e-007,12
3.9e-007,12
3.91e-007,19
3.92e-007,15
3.93e-007,10
3.94e-007,13
3.95e-007,11
3.96e-007,11
3.97e-007,5
3.98e-007,12
3.99e-007,11
4e-007,11
4.01e-007,3
4.02e-007,10
4.03e-007,12
4.04e-007,12
4.05e-007,7
4.06e-007,9
4.07e-007,10
4.08e-007,8
4.09e-007,6
4.1e-007,7
4.11e-007,12
4.12e-007,14
4.13e-007,8
4.14e-007,10
4.15e-007,19
4.16e-007,10
4.17e-007,5
4.18e-007,9
4.19e-007,13
4.2e-007,7
4.21e-007,11
4.22e-007,7
4.23e-007,7
4.24e-007,6
4.25e-007,12
4.26e-007,8
4.27e-007,7
4.28e-007,9
4.29e-007,7
4.3e-007,3
4.31e-007,15
4.32e-007,9
4.33e-007,3
4.34e-007,10
4.35e-007,7
4.36e-007,10
4.37e-007,6
4.38e-007,3
4.39e-007,12
4.4e-007,11
4.41e-007,8
4.42e-007,11
4.43e-007,4
4.44e-007,6
4.45e-007,8
4.46e-007,11
4.47e-007,11
4.48e-007,6
4.49e-007,9
4.5e-007,7
4.51e-007,9
4.52e-007,13
4.53e-007,6
4.54e-007,9
4.55e-007,5
4.56e-007,6
4.57e-007,15
4.58e-007,5
4.59e-007,11
4.6e-007,6
4.61e-007,17
4.62e-007,11
4.63e-007,8
4.64e-007,8
4.65e-007,5
4.66e-007,8
4.67e-007,5
4.68e-007,8
4.69e-007,8
4.7e-007,12
4.71e-007,10
4.72e-007,7
4.73e-007,10
4.74e-007,8
4.75e-007,13
4.76e-007,6
4.77e-007,10
4.78e-007,9
4.79e-007,7
4.8e-007,5
4.81e-007,6
4.82e-007,5
4.83e-007,6
4.84e-007,7
4.85e-007,9
4.86e-007,6
4.87e-007,8
4.88e-007,7
4.89e-007,12
4.9e-007,8
4.91e-007,7
4.92e-007,6
4.93e-007,5
4.94e-007,4
4.95e-007,9
4.96e-007,9
4.97e-007,10
4.98e-007,7
4.99e-007,3
5e-007,9
5.01e-007,5
5.02e-007,6
5.03e-007,9
5.04e-007,5
5.05e-007,7
5.06e-007,9
5.07e-007,4
5.08e-007,7
5.09e-007,6
5.1e-007,8
5.11e-007,9
5.12e-007,5
5.13e-007,3
5.14e-007,5
5.15e-007,2
5.16e-007,7
5.17e-007,10
5.18e-007,4
5.19e-007,8
5.2e-007,10
5.21e-007,4
5.22e-007,8
5.23e-007,7
5.24e-007,5
5.25e-007,6
5.26e-007,9
5.27e-007,4
5.28e-007,10
5.29e-007,2
5.3e-007,2
5.31e-007,7
5.32e-007,7
5.33e-007,8
5.34e-007,7
5.35e-007,7
5.36e-007,10
5.37e-007,11
5.38e-007,6
5.39e-007,4
5.4e-007,7
5.41e-007,3
5.42e-007,6
5.43e-007,6
5.44e-007,12
5.45e-007,2
5.46e-007,6
5.47e-007,6
5.48e-007,9
5.49e-007,11
5.5e-007,6
5.51e-007,10
5.52e-007,9
5.53e-007,5
5.54e-007,4
5.55e-007,13
5.56e-007,8
5.57e-007,6
5.58e-007,10
5.59e-007,8
5.6e-007,8
5.61e-007,8
5.62e-007,17
5.63e-007,5
5.64e-007,9
5.65e-007,2
5.66e-007,9
5.67e-007,10
5.68e-007,5
5.69e-007,5
5.7e-007,13
5.71e-007,4
5.72e-007,5
5.73e-007,7
5.74e-007,7
5.75e-007,8
5.76e-007,9
5.77e-007,6
5.78e-007,11
5.79e-007,10
5.8e-007,5
5.81e-007,8
5.82e-007,4
5.83e-007,4
5.84e-007,7
5.85e-007,6
5.86e-007,6
5.87e-007,3
5.88e-007,7
5.89e-007,3
5.9e-007,10
5.91e-007,7
5.92e-007,5
5.93e-007,2
5.94e-007,4
5.95e-007,3
5.96e-007,4
5.97e-007,6
5.98e-007,4
5.99e-007,5
6e-007,6
6.01e-007,6
6.02e-007,3
6.03e-007,6
6.04e-007,4
6.05e-007,5
6.06e-007,6
6.07e-007,5
6.08e-007,5
6.09e-007,8
6.1e-007,6
6.11e-007,6
6.12e-007,3
6.13e-007,2
6.14e-007,6
6.15e-007,3
6.16e-007,2
6.17e-007,7
6.18e-007,2
6.19e-007,7
6.2e-007,7
6.21e-007,2
6.22e-007,5
6.23e-007,8
6.24e-007,2
6.25e-007,6
6.26e-007,8
6.27e-007,2
6.28e-007,8
6.29e-007,5
6.3e-007,6
6.31e-007,2
6.32e-007,6
6.33e-007,7
6.34e-007,6
6.35e-007,11
6.36e-007,5
6.37e-007,7
6.38e-007,3
6.39e-007,9
6.4e-007,3
6.41e-007,5
6.42e-007,7
6.43e-007,3
6.44e-007,7
6.45e-007,6
6.46e-007,9
6.47e-007,7
6.48e-007,4
6.49e-007,4
6.5e-007,3
6.51e-007,5
6.52e-007,4
6.53e-007,9
6.54e-007,7
6.55e-007,4
6.56e-007,8
6.57e-007,3
6.58e-007,5
6.59e-007,6
6.6e-007,4
6.61e-007,6
6.62e-007,6
6.63e-007,3
6.64e-007,4
6.65e-007,4
6.66e-007,4
6.67e-007,10
6.68e-007,10
6.69e-007,6
6.7e-007,7
6.71e-007,4
6.72e-007,3
6.73e-007,6
6.74e-007,2
6.75e-007,4
6.76e-007,4
6.77e-007,6
6.78e-007,6
6.79e-007,3
6.8e-007,6
6.81e-007,9
6.82e-007,4
6.83e-007,4
6.84e-007,8
6.85e-007,3
6.86e-007,6
6.87e-007,3
6.88e-007,8
6.89e-007,3
6.9e-007,6
6.91e-007,3
6.92e-007,3
6.93e-007,5
6.94e-007,5
6.95e-007,6
6.96e-007,4
6.97e-007,8
6.98e-007,5
6.99e-007,7
7e-007,5
7.01e-007,6
7.02e-007,7
7.03e-007,3
7.04e-007,5
7.05e-007,7
7.06e-007,6
7.07e-007,5
7.08e-007,3
7.09e-007,4
7.1e-007,3
7.11e-007,6
7.12e-007,8
7.13e-007,2
7.14e-007,6
7.15e-007,5
7.16e-007,6
7.17e-007,7
7.18e-007,7
7.19e-007,2
7.2e-007,7
7.21e-007,2
7.22e-007,3
7.23e-007,5
7.24e-007,2
7.25e-007,4
7.26e-007,3
7.27e-007,6
7.28e-007,5
7.29e-007,3
7.3e-007,0
7.31e-007,6
7.32e-007,4
7.33e-007,2
7.34e-007,3
7.35e-007,4
7.36e-007,6
7.37e-007,2
7.38e-007,1
7.39e-007,7
7.4e-007,6
7.41e-007,3
7.42e-007,5
7.43e-007,1
7.44e-007,2
7.45e-007,2
7.46e-007,3
7.47e-007,5
7.48e-007,3
7.49e-007,7
7.5e-007,5
7.51e-007,6
7.52e-007,3
7.53e-007,5
7.54e-007,4
7.55e-007,2
7.56e-007,5
7.57e-007,2
7.58e-007,3
7.59e-007,3
7.6e-007,3
7.61e-007,3
7.62e-007,6
7.63e-007,4
7.64e-007,5
7.65e-007,5
7.66e-007,7
7.67e-007,4
7.68e-007,5
7.69e-007,4
7.7e-007,2
7.71e-007,5
7.72e-007,5
7.73e-007,5
7.74e-007,2
7.75e-007,4
7.76e-007,2
7.77e-007,5
7.78e-007,9
7.79e-007,5
7.8e-007,6
7.81e-007,5
7.82e-007,3
7.83e-007,7
7.84e-007,3
7.85e-007,2
7.86e-007,2
7.87e-007,5
7.88e-007,3
7.89e-007,6
7.9e-007,3
7.91e-007,3
7.92e-007,4
7.93e-007,5
7.94e-007,2
7.95e-007,3
7.96e-007,3
7.97e-007,8
7.98e-007,5
7.99e-007,3
8e-007,4
8.01e-007,2
8.02e-007,4
8.03e-007,5
8.04e-007,1
8.05e-007,4
8.06e-007,6
8.07e-007,5
8.08e-007,3
8.09e-007,2
8.1e-007,7
8.11e-007,5
8.12e-007,3
8.13e-007,4
8.14e-007,2
8.15e-007,3
8.16e-007,3
8.17e-007,3
8.18e-007,3
8.19e-007,4
8.2e-007,2
8.21e-007,7
8.22e-007,5
8.23e-007,5
8.24e-007,1
8.25e-007,2
8.26e-007,5
8.27e-007,1
8.28e-007,1
8.29e-007,3
8.3e-007,4
8.31e-007,2
8.32e-007,2
8.33e-007,5
8.34e-007,4
8.35e-007,2
8.36e-007,5
8.37e-007,4
8.38e-007,4
8.39e-007,6
8.4e-007,1
8.41e-007,5
8.42e-007,5
8.43e-007,4
8.44e-007,4
8.45e-007,8
8.46e-007,5
8.47e-007,6
8.48e-007,2
8.49e-007,2
8.5e-007,6
8.51e-007,1
8.52e-007,4
8.53e-007,6
8.54e-007,6
8.55e-007,4
8.56e-007,3
8.57e-007,4
8.58e-007,1
8.59e-007,1
8.6e-007,0
8.61e-007,3
8.62e-007,5
8.63e-007,5
8.64e-007,3
8.65e-007,4
8.66e-007,8
8.67e-007,6
8.68e-007,4
8.69e-007,6
8.7e-007,5
8.71e-007,3
8.72e-007,2
8.73e-007,5
8.74e-007,3
8.75e-007,0
8.76e-007,0
8.77e-007,3
8.78e-007,2
8.79e-007,3
8.8e-007,1
8.81e-007,4
8.82e-007,6
8.83e-007,1
8.84e-007,5
8.85e-007,2
8.86e-007,3
8.87e-007,4
8.88e-007,2
8.89e-007,5
8.9e-007,3
8.91e-007,3
8.92e-007,8
8.93e-007,5
8.94e-007,3
8.95e-007,4
8.96e-007,6
8.97e-007,7
8.98e-007,2
8.99e-007,1
