LECROYWRHRO66Zi,58279,Histogram
Segments,1,SegmentSize,993
Segment,TrigTime,TimeSinceSegment1
#1,11-Feb-2016 20:38:04,0                 
Time,Ampl
-9.3e-008,0
-9.2e-008,0
-9.1e-008,0
-9e-008,0
-8.9e-008,0
-8.8e-008,0
-8.7e-008,0
-8.6e-008,0
-8.5e-008,0
-8.4e-008,0
-8.3e-008,0
-8.2e-008,0
-8.1e-008,0
-8e-008,0
-7.9e-008,0
-7.8e-008,0
-7.7e-008,0
-7.6e-008,0
-7.5e-008,0
-7.4e-008,0
-7.3e-008,0
-7.2e-008,0
-7.1e-008,0
-7e-008,0
-6.9e-008,0
-6.8e-008,0
-6.7e-008,0
-6.6e-008,0
-6.5e-008,0
-6.4e-008,0
-6.3e-008,0
-6.2e-008,0
-6.1e-008,0
-6e-008,0
-5.9e-008,1
-5.8e-008,0
-5.7e-008,0
-5.6e-008,0
-5.5e-008,0
-5.4e-008,0
-5.3e-008,0
-5.2e-008,0
-5.1e-008,0
-5e-008,0
-4.9e-008,0
-4.8e-008,0
-4.7e-008,0
-4.6e-008,0
-4.5e-008,0
-4.4e-008,0
-4.3e-008,0
-4.2e-008,0
-4.1e-008,0
-4e-008,0
-3.9e-008,0
-3.8e-008,0
-3.7e-008,0
-3.6e-008,0
-3.5e-008,0
-3.4e-008,1
-3.3e-008,0
-3.2e-008,0
-3.1e-008,0
-3e-008,0
-2.9e-008,0
-2.8e-008,2
-2.7e-008,2
-2.6e-008,0
-2.5e-008,2
-2.4e-008,2
-2.3e-008,3
-2.2e-008,0
-2.1e-008,2
-2e-008,6
-1.9e-008,4
-1.8e-008,5
-1.7e-008,2
-1.6e-008,9
-1.5e-008,6
-1.4e-008,9
-1.3e-008,10
-1.2e-008,16
-1.1e-008,9
-1e-008,11
-9e-009,17
-8e-009,17
-7e-009,18
-6e-009,25
-5e-009,28
-4e-009,23
-3e-009,24
-2e-009,29
-1e-009,28
-1.29e-022,22
1e-009,19
2e-009,17
3e-009,30
4e-009,25
5e-009,31
6e-009,29
7e-009,26
8e-009,27
9e-009,21
1e-008,27
1.1e-008,21
1.2e-008,20
1.3e-008,23
1.4e-008,21
1.5e-008,31
1.6e-008,30
1.7e-008,19
1.8e-008,29
1.9e-008,23
2e-008,37
2.1e-008,30
2.2e-008,45
2.3e-008,29
2.4e-008,26
2.5e-008,42
2.6e-008,30
2.7e-008,24
2.8e-008,27
2.9e-008,29
3e-008,31
3.1e-008,31
3.2e-008,24
3.3e-008,28
3.4e-008,40
3.5e-008,40
3.6e-008,34
3.7e-008,35
3.8e-008,27
3.9e-008,33
4e-008,25
4.1e-008,41
4.2e-008,23
4.3e-008,28
4.4e-008,38
4.5e-008,41
4.6e-008,27
4.7e-008,23
4.8e-008,35
4.9e-008,39
5e-008,33
5.1e-008,19
5.2e-008,37
5.3e-008,32
5.4e-008,35
5.5e-008,27
5.6e-008,32
5.7e-008,37
5.8e-008,34
5.9e-008,40
6e-008,27
6.1e-008,39
6.2e-008,40
6.3e-008,35
6.4e-008,29
6.5e-008,25
6.6e-008,32
6.7e-008,36
6.8e-008,36
6.9e-008,36
7e-008,41
7.1e-008,36
7.2e-008,43
7.3e-008,25
7.4e-008,45
7.5e-008,31
7.6e-008,32
7.7e-008,41
7.8e-008,40
7.9e-008,32
8e-008,39
8.1e-008,40
8.2e-008,48
8.3e-008,31
8.4e-008,36
8.5e-008,44
8.6e-008,36
8.7e-008,37
8.8e-008,30
8.9e-008,34
9e-008,37
9.1e-008,25
9.2e-008,33
9.3e-008,42
9.4e-008,32
9.5e-008,34
9.6e-008,29
9.7e-008,27
9.8e-008,29
9.9e-008,36
1e-007,33
1.01e-007,40
1.02e-007,26
1.03e-007,28
1.04e-007,26
1.05e-007,29
1.06e-007,33
1.07e-007,30
1.08e-007,27
1.09e-007,32
1.1e-007,43
1.11e-007,28
1.12e-007,22
1.13e-007,30
1.14e-007,29
1.15e-007,38
1.16e-007,31
1.17e-007,22
1.18e-007,29
1.19e-007,25
1.2e-007,28
1.21e-007,30
1.22e-007,26
1.23e-007,33
1.24e-007,34
1.25e-007,24
1.26e-007,18
1.27e-007,26
1.28e-007,28
1.29e-007,21
1.3e-007,27
1.31e-007,27
1.32e-007,28
1.33e-007,24
1.34e-007,18
1.35e-007,29
1.36e-007,24
1.37e-007,30
1.38e-007,28
1.39e-007,24
1.4e-007,26
1.41e-007,41
1.42e-007,25
1.43e-007,25
1.44e-007,27
1.45e-007,19
1.46e-007,19
1.47e-007,31
1.48e-007,24
1.49e-007,22
1.5e-007,26
1.51e-007,29
1.52e-007,27
1.53e-007,27
1.54e-007,22
1.55e-007,23
1.56e-007,19
1.57e-007,20
1.58e-007,26
1.59e-007,18
1.6e-007,33
1.61e-007,22
1.62e-007,20
1.63e-007,18
1.64e-007,31
1.65e-007,30
1.66e-007,23
1.67e-007,44
1.68e-007,26
1.69e-007,36
1.7e-007,25
1.71e-007,29
1.72e-007,34
1.73e-007,40
1.74e-007,29
1.75e-007,30
1.76e-007,32
1.77e-007,25
1.78e-007,26
1.79e-007,36
1.8e-007,36
1.81e-007,40
1.82e-007,27
1.83e-007,29
1.84e-007,29
1.85e-007,29
1.86e-007,22
1.87e-007,25
1.88e-007,15
1.89e-007,30
1.9e-007,29
1.91e-007,26
1.92e-007,21
1.93e-007,22
1.94e-007,18
1.95e-007,28
1.96e-007,23
1.97e-007,23
1.98e-007,18
1.99e-007,26
2e-007,19
2.01e-007,18
2.02e-007,23
2.03e-007,26
2.04e-007,33
2.05e-007,24
2.06e-007,23
2.07e-007,29
2.08e-007,12
2.09e-007,20
2.1e-007,19
2.11e-007,23
2.12e-007,20
2.13e-007,17
2.14e-007,17
2.15e-007,20
2.16e-007,21
2.17e-007,20
2.18e-007,15
2.19e-007,18
2.2e-007,16
2.21e-007,23
2.22e-007,18
2.23e-007,20
2.24e-007,17
2.25e-007,13
2.26e-007,23
2.27e-007,17
2.28e-007,27
2.29e-007,23
2.3e-007,20
2.31e-007,12
2.32e-007,21
2.33e-007,19
2.34e-007,23
2.35e-007,23
2.36e-007,14
2.37e-007,18
2.38e-007,12
2.39e-007,16
2.4e-007,19
2.41e-007,16
2.42e-007,14
2.43e-007,23
2.44e-007,21
2.45e-007,19
2.46e-007,14
2.47e-007,20
2.48e-007,19
2.49e-007,18
2.5e-007,11
2.51e-007,18
2.52e-007,18
2.53e-007,18
2.54e-007,18
2.55e-007,11
2.56e-007,15
2.57e-007,17
2.58e-007,17
2.59e-007,19
2.6e-007,16
2.61e-007,19
2.62e-007,16
2.63e-007,16
2.64e-007,15
2.65e-007,18
2.66e-007,15
2.67e-007,27
2.68e-007,20
2.69e-007,17
2.7e-007,15
2.71e-007,19
2.72e-007,12
2.73e-007,8
2.74e-007,13
2.75e-007,18
2.76e-007,12
2.77e-007,9
2.78e-007,23
2.79e-007,22
2.8e-007,13
2.81e-007,6
2.82e-007,15
2.83e-007,16
2.84e-007,14
2.85e-007,17
2.86e-007,14
2.87e-007,19
2.88e-007,15
2.89e-007,11
2.9e-007,14
2.91e-007,11
2.92e-007,13
2.93e-007,17
2.94e-007,21
2.95e-007,24
2.96e-007,10
2.97e-007,14
2.98e-007,16
2.99e-007,18
3e-007,15
3.01e-007,8
3.02e-007,12
3.03e-007,15
3.04e-007,13
3.05e-007,18
3.06e-007,15
3.07e-007,15
3.08e-007,14
3.09e-007,15
3.1e-007,9
3.11e-007,12
3.12e-007,18
3.13e-007,17
3.14e-007,12
3.15e-007,26
3.16e-007,20
3.17e-007,18
3.18e-007,13
3.19e-007,12
3.2e-007,9
3.21e-007,16
3.22e-007,19
3.23e-007,11
3.24e-007,20
3.25e-007,11
3.26e-007,6
3.27e-007,10
3.28e-007,15
3.29e-007,13
3.3e-007,15
3.31e-007,19
3.32e-007,10
3.33e-007,13
3.34e-007,14
3.35e-007,9
3.36e-007,9
3.37e-007,9
3.38e-007,16
3.39e-007,4
3.4e-007,13
3.41e-007,13
3.42e-007,12
3.43e-007,15
3.44e-007,15
3.45e-007,10
3.46e-007,14
3.47e-007,15
3.48e-007,12
3.49e-007,13
3.5e-007,10
3.51e-007,7
3.52e-007,11
3.53e-007,10
3.54e-007,14
3.55e-007,15
3.56e-007,15
3.57e-007,7
3.58e-007,11
3.59e-007,14
3.6e-007,8
3.61e-007,17
3.62e-007,12
3.63e-007,9
3.64e-007,13
3.65e-007,14
3.66e-007,19
3.67e-007,11
3.68e-007,15
3.69e-007,14
3.7e-007,16
3.71e-007,16
3.72e-007,15
3.73e-007,15
3.74e-007,11
3.75e-007,6
3.76e-007,16
3.77e-007,8
3.78e-007,10
3.79e-007,17
3.8e-007,17
3.81e-007,14
3.82e-007,12
3.83e-007,13
3.84e-007,14
3.85e-007,6
3.86e-007,20
3.87e-007,11
3.88e-007,12
3.89e-007,12
3.9e-007,10
3.91e-007,12
3.92e-007,7
3.93e-007,13
3.94e-007,9
3.95e-007,10
3.96e-007,19
3.97e-007,15
3.98e-007,10
3.99e-007,11
4e-007,14
4.01e-007,19
4.02e-007,14
4.03e-007,13
4.04e-007,6
4.05e-007,3
4.06e-007,5
4.07e-007,14
4.08e-007,13
4.09e-007,10
4.1e-007,17
4.11e-007,11
4.12e-007,14
4.13e-007,15
4.14e-007,9
4.15e-007,11
4.16e-007,14
4.17e-007,15
4.18e-007,13
4.19e-007,7
4.2e-007,6
4.21e-007,8
4.22e-007,11
4.23e-007,7
4.24e-007,14
4.25e-007,7
4.26e-007,12
4.27e-007,10
4.28e-007,13
4.29e-007,12
4.3e-007,17
4.31e-007,8
4.32e-007,11
4.33e-007,8
4.34e-007,7
4.35e-007,9
4.36e-007,11
4.37e-007,11
4.38e-007,14
4.39e-007,14
4.4e-007,13
4.41e-007,12
4.42e-007,8
4.43e-007,10
4.44e-007,15
4.45e-007,12
4.46e-007,12
4.47e-007,9
4.48e-007,11
4.49e-007,7
4.5e-007,10
4.51e-007,5
4.52e-007,10
4.53e-007,15
4.54e-007,9
4.55e-007,8
4.56e-007,11
4.57e-007,11
4.58e-007,11
4.59e-007,10
4.6e-007,12
4.61e-007,7
4.62e-007,9
4.63e-007,7
4.64e-007,5
4.65e-007,13
4.66e-007,7
4.67e-007,14
4.68e-007,6
4.69e-007,9
4.7e-007,5
4.71e-007,11
4.72e-007,8
4.73e-007,10
4.74e-007,11
4.75e-007,7
4.76e-007,8
4.77e-007,4
4.78e-007,11
4.79e-007,10
4.8e-007,10
4.81e-007,14
4.82e-007,6
4.83e-007,11
4.84e-007,10
4.85e-007,6
4.86e-007,10
4.87e-007,8
4.88e-007,5
4.89e-007,9
4.9e-007,13
4.91e-007,14
4.92e-007,10
4.93e-007,14
4.94e-007,5
4.95e-007,12
4.96e-007,10
4.97e-007,10
4.98e-007,12
4.99e-007,7
5e-007,13
5.01e-007,9
5.02e-007,9
5.03e-007,6
5.04e-007,9
5.05e-007,9
5.06e-007,10
5.07e-007,13
5.08e-007,8
5.09e-007,7
5.1e-007,4
5.11e-007,4
5.12e-007,16
5.13e-007,10
5.14e-007,12
5.15e-007,6
5.16e-007,10
5.17e-007,10
5.18e-007,12
5.19e-007,14
5.2e-007,5
5.21e-007,8
5.22e-007,11
5.23e-007,15
5.24e-007,7
5.25e-007,6
5.26e-007,9
5.27e-007,7
5.28e-007,8
5.29e-007,7
5.3e-007,9
5.31e-007,7
5.32e-007,11
5.33e-007,5
5.34e-007,7
5.35e-007,6
5.36e-007,9
5.37e-007,8
5.38e-007,9
5.39e-007,4
5.4e-007,8
5.41e-007,7
5.42e-007,9
5.43e-007,13
5.44e-007,7
5.45e-007,5
5.46e-007,4
5.47e-007,4
5.48e-007,3
5.49e-007,5
5.5e-007,11
5.51e-007,6
5.52e-007,11
5.53e-007,3
5.54e-007,7
5.55e-007,7
5.56e-007,7
5.57e-007,7
5.58e-007,10
5.59e-007,9
5.6e-007,4
5.61e-007,8
5.62e-007,5
5.63e-007,6
5.64e-007,8
5.65e-007,8
5.66e-007,6
5.67e-007,7
5.68e-007,9
5.69e-007,5
5.7e-007,11
5.71e-007,9
5.72e-007,12
5.73e-007,9
5.74e-007,10
5.75e-007,9
5.76e-007,7
5.77e-007,2
5.78e-007,5
5.79e-007,9
5.8e-007,7
5.81e-007,18
5.82e-007,9
5.83e-007,5
5.84e-007,7
5.85e-007,12
5.86e-007,7
5.87e-007,3
5.88e-007,12
5.89e-007,9
5.9e-007,7
5.91e-007,10
5.92e-007,9
5.93e-007,8
5.94e-007,11
5.95e-007,7
5.96e-007,8
5.97e-007,6
5.98e-007,8
5.99e-007,6
6e-007,13
6.01e-007,5
6.02e-007,3
6.03e-007,6
6.04e-007,10
6.05e-007,7
6.06e-007,6
6.07e-007,9
6.08e-007,4
6.09e-007,11
6.1e-007,10
6.11e-007,6
6.12e-007,5
6.13e-007,7
6.14e-007,7
6.15e-007,6
6.16e-007,9
6.17e-007,1
6.18e-007,4
6.19e-007,2
6.2e-007,4
6.21e-007,8
6.22e-007,4
6.23e-007,10
6.24e-007,5
6.25e-007,7
6.26e-007,3
6.27e-007,5
6.28e-007,10
6.29e-007,6
6.3e-007,10
6.31e-007,7
6.32e-007,5
6.33e-007,8
6.34e-007,12
6.35e-007,8
6.36e-007,8
6.37e-007,8
6.38e-007,6
6.39e-007,6
6.4e-007,6
6.41e-007,4
6.42e-007,8
6.43e-007,3
6.44e-007,5
6.45e-007,7
6.46e-007,9
6.47e-007,5
6.48e-007,5
6.49e-007,5
6.5e-007,5
6.51e-007,5
6.52e-007,3
6.53e-007,3
6.54e-007,10
6.55e-007,4
6.56e-007,6
6.57e-007,5
6.58e-007,7
6.59e-007,11
6.6e-007,4
6.61e-007,10
6.62e-007,4
6.63e-007,5
6.64e-007,4
6.65e-007,6
6.66e-007,3
6.67e-007,5
6.68e-007,5
6.69e-007,8
6.7e-007,7
6.71e-007,12
6.72e-007,4
6.73e-007,6
6.74e-007,4
6.75e-007,8
6.76e-007,4
6.77e-007,2
6.78e-007,11
6.79e-007,5
6.8e-007,5
6.81e-007,5
6.82e-007,6
6.83e-007,4
6.84e-007,13
6.85e-007,7
6.86e-007,3
6.87e-007,4
6.88e-007,4
6.89e-007,4
6.9e-007,6
6.91e-007,6
6.92e-007,4
6.93e-007,6
6.94e-007,8
6.95e-007,2
6.96e-007,9
6.97e-007,10
6.98e-007,3
6.99e-007,2
7e-007,5
7.01e-007,5
7.02e-007,6
7.03e-007,8
7.04e-007,6
7.05e-007,4
7.06e-007,7
7.07e-007,3
7.08e-007,2
7.09e-007,6
7.1e-007,7
7.11e-007,3
7.12e-007,7
7.13e-007,11
7.14e-007,5
7.15e-007,5
7.16e-007,6
7.17e-007,5
7.18e-007,5
7.19e-007,2
7.2e-007,6
7.21e-007,9
7.22e-007,2
7.23e-007,6
7.24e-007,5
7.25e-007,4
7.26e-007,6
7.27e-007,3
7.28e-007,5
7.29e-007,5
7.3e-007,3
7.31e-007,4
7.32e-007,5
7.33e-007,5
7.34e-007,8
7.35e-007,8
7.36e-007,9
7.37e-007,6
7.38e-007,4
7.39e-007,5
7.4e-007,5
7.41e-007,8
7.42e-007,5
7.43e-007,3
7.44e-007,12
7.45e-007,3
7.46e-007,4
7.47e-007,7
7.48e-007,5
7.49e-007,7
7.5e-007,9
7.51e-007,2
7.52e-007,5
7.53e-007,5
7.54e-007,3
7.55e-007,5
7.56e-007,7
7.57e-007,3
7.58e-007,7
7.59e-007,9
7.6e-007,2
7.61e-007,4
7.62e-007,6
7.63e-007,5
7.64e-007,3
7.65e-007,6
7.66e-007,3
7.67e-007,5
7.68e-007,7
7.69e-007,5
7.7e-007,10
7.71e-007,6
7.72e-007,3
7.73e-007,5
7.74e-007,4
7.75e-007,3
7.76e-007,5
7.77e-007,0
7.78e-007,7
7.79e-007,2
7.8e-007,6
7.81e-007,3
7.82e-007,4
7.83e-007,3
7.84e-007,4
7.85e-007,4
7.86e-007,7
7.87e-007,1
7.88e-007,8
7.89e-007,3
7.9e-007,6
7.91e-007,2
7.92e-007,4
7.93e-007,6
7.94e-007,6
7.95e-007,8
7.96e-007,4
7.97e-007,3
7.98e-007,3
7.99e-007,7
8e-007,10
8.01e-007,2
8.02e-007,2
8.03e-007,7
8.04e-007,3
8.05e-007,3
8.06e-007,2
8.07e-007,5
8.08e-007,7
8.09e-007,5
8.1e-007,2
8.11e-007,4
8.12e-007,3
8.13e-007,6
8.14e-007,7
8.15e-007,5
8.16e-007,5
8.17e-007,9
8.18e-007,3
8.19e-007,8
8.2e-007,4
8.21e-007,5
8.22e-007,9
8.23e-007,6
8.24e-007,4
8.25e-007,6
8.26e-007,7
8.27e-007,2
8.28e-007,5
8.29e-007,6
8.3e-007,8
8.31e-007,4
8.32e-007,4
8.33e-007,2
8.34e-007,7
8.35e-007,6
8.36e-007,1
8.37e-007,8
8.38e-007,5
8.39e-007,4
8.4e-007,5
8.41e-007,2
8.42e-007,3
8.43e-007,2
8.44e-007,2
8.45e-007,6
8.46e-007,3
8.47e-007,8
8.48e-007,7
8.49e-007,5
8.5e-007,7
8.51e-007,7
8.52e-007,3
8.53e-007,8
8.54e-007,6
8.55e-007,2
8.56e-007,6
8.57e-007,6
8.58e-007,6
8.59e-007,3
8.6e-007,3
8.61e-007,0
8.62e-007,4
8.63e-007,8
8.64e-007,3
8.65e-007,6
8.66e-007,6
8.67e-007,5
8.68e-007,4
8.69e-007,5
8.7e-007,3
8.71e-007,4
8.72e-007,4
8.73e-007,0
8.74e-007,4
8.75e-007,4
8.76e-007,5
8.77e-007,4
8.78e-007,3
8.79e-007,4
8.8e-007,4
8.81e-007,3
8.82e-007,4
8.83e-007,3
8.84e-007,5
8.85e-007,4
8.86e-007,7
8.87e-007,3
8.88e-007,5
8.89e-007,1
8.9e-007,6
8.91e-007,1
8.92e-007,5
8.93e-007,3
8.94e-007,4
8.95e-007,1
8.96e-007,2
8.97e-007,2
8.98e-007,5
8.99e-007,1
