LECROYWRHRO66Zi,58279,Histogram
Segments,1,SegmentSize,993
Segment,TrigTime,TimeSinceSegment1
#1,11-Feb-2016 21:29:58,0                 
Time,Ampl
-9.3e-008,0
-9.2e-008,0
-9.1e-008,0
-9e-008,0
-8.9e-008,0
-8.8e-008,0
-8.7e-008,0
-8.6e-008,0
-8.5e-008,0
-8.4e-008,0
-8.3e-008,0
-8.2e-008,0
-8.1e-008,0
-8e-008,0
-7.9e-008,0
-7.8e-008,0
-7.7e-008,0
-7.6e-008,0
-7.5e-008,0
-7.4e-008,0
-7.3e-008,0
-7.2e-008,0
-7.1e-008,0
-7e-008,0
-6.9e-008,0
-6.8e-008,0
-6.7e-008,0
-6.6e-008,0
-6.5e-008,0
-6.4e-008,0
-6.3e-008,0
-6.2e-008,0
-6.1e-008,0
-6e-008,0
-5.9e-008,0
-5.8e-008,0
-5.7e-008,0
-5.6e-008,0
-5.5e-008,0
-5.4e-008,0
-5.3e-008,0
-5.2e-008,0
-5.1e-008,0
-5e-008,0
-4.9e-008,0
-4.8e-008,0
-4.7e-008,0
-4.6e-008,0
-4.5e-008,0
-4.4e-008,0
-4.3e-008,0
-4.2e-008,0
-4.1e-008,0
-4e-008,0
-3.9e-008,0
-3.8e-008,0
-3.7e-008,0
-3.6e-008,0
-3.5e-008,0
-3.4e-008,1
-3.3e-008,0
-3.2e-008,0
-3.1e-008,0
-3e-008,0
-2.9e-008,0
-2.8e-008,0
-2.7e-008,0
-2.6e-008,0
-2.5e-008,0
-2.4e-008,1
-2.3e-008,1
-2.2e-008,0
-2.1e-008,0
-2e-008,1
-1.9e-008,1
-1.8e-008,3
-1.7e-008,0
-1.6e-008,1
-1.5e-008,3
-1.4e-008,5
-1.3e-008,4
-1.2e-008,5
-1.1e-008,6
-1e-008,3
-9e-009,5
-8e-009,7
-7e-009,5
-6e-009,11
-5e-009,13
-4e-009,10
-3e-009,15
-2e-009,6
-1e-009,7
-1.29e-022,12
1e-009,6
2e-009,15
3e-009,13
4e-009,12
5e-009,9
6e-009,10
7e-009,8
8e-009,5
9e-009,11
1e-008,17
1.1e-008,13
1.2e-008,13
1.3e-008,15
1.4e-008,12
1.5e-008,10
1.6e-008,10
1.7e-008,11
1.8e-008,17
1.9e-008,13
2e-008,6
2.1e-008,9
2.2e-008,9
2.3e-008,7
2.4e-008,6
2.5e-008,10
2.6e-008,14
2.7e-008,9
2.8e-008,16
2.9e-008,11
3e-008,7
3.1e-008,6
3.2e-008,8
3.3e-008,14
3.4e-008,8
3.5e-008,11
3.6e-008,8
3.7e-008,5
3.8e-008,6
3.9e-008,6
4e-008,8
4.1e-008,10
4.2e-008,8
4.3e-008,9
4.4e-008,10
4.5e-008,9
4.6e-008,5
4.7e-008,12
4.8e-008,14
4.9e-008,9
5e-008,9
5.1e-008,9
5.2e-008,5
5.3e-008,6
5.4e-008,8
5.5e-008,6
5.6e-008,9
5.7e-008,8
5.8e-008,12
5.9e-008,16
6e-008,8
6.1e-008,6
6.2e-008,8
6.3e-008,6
6.4e-008,10
6.5e-008,8
6.6e-008,10
6.7e-008,7
6.8e-008,9
6.9e-008,5
7e-008,11
7.1e-008,6
7.2e-008,4
7.3e-008,6
7.4e-008,8
7.5e-008,10
7.6e-008,8
7.7e-008,5
7.8e-008,6
7.9e-008,11
8e-008,13
8.1e-008,7
8.2e-008,2
8.3e-008,4
8.4e-008,10
8.5e-008,4
8.6e-008,10
8.7e-008,4
8.8e-008,9
8.9e-008,4
9e-008,16
9.1e-008,6
9.2e-008,5
9.3e-008,6
9.4e-008,6
9.5e-008,7
9.6e-008,11
9.7e-008,12
9.8e-008,6
9.9e-008,9
1e-007,8
1.01e-007,3
1.02e-007,6
1.03e-007,5
1.04e-007,13
1.05e-007,11
1.06e-007,10
1.07e-007,10
1.08e-007,6
1.09e-007,5
1.1e-007,9
1.11e-007,8
1.12e-007,6
1.13e-007,4
1.14e-007,7
1.15e-007,9
1.16e-007,8
1.17e-007,6
1.18e-007,4
1.19e-007,7
1.2e-007,1
1.21e-007,4
1.22e-007,7
1.23e-007,7
1.24e-007,8
1.25e-007,5
1.26e-007,6
1.27e-007,11
1.28e-007,5
1.29e-007,8
1.3e-007,4
1.31e-007,4
1.32e-007,5
1.33e-007,7
1.34e-007,8
1.35e-007,2
1.36e-007,3
1.37e-007,6
1.38e-007,5
1.39e-007,7
1.4e-007,6
1.41e-007,2
1.42e-007,3
1.43e-007,1
1.44e-007,6
1.45e-007,5
1.46e-007,6
1.47e-007,9
1.48e-007,6
1.49e-007,3
1.5e-007,5
1.51e-007,4
1.52e-007,7
1.53e-007,5
1.54e-007,5
1.55e-007,4
1.56e-007,8
1.57e-007,5
1.58e-007,13
1.59e-007,7
1.6e-007,4
1.61e-007,3
1.62e-007,2
1.63e-007,7
1.64e-007,6
1.65e-007,5
1.66e-007,5
1.67e-007,8
1.68e-007,2
1.69e-007,8
1.7e-007,6
1.71e-007,3
1.72e-007,5
1.73e-007,5
1.74e-007,3
1.75e-007,3
1.76e-007,3
1.77e-007,11
1.78e-007,1
1.79e-007,4
1.8e-007,5
1.81e-007,8
1.82e-007,2
1.83e-007,3
1.84e-007,7
1.85e-007,6
1.86e-007,7
1.87e-007,4
1.88e-007,2
1.89e-007,7
1.9e-007,3
1.91e-007,6
1.92e-007,5
1.93e-007,6
1.94e-007,4
1.95e-007,7
1.96e-007,10
1.97e-007,4
1.98e-007,1
1.99e-007,6
2e-007,4
2.01e-007,1
2.02e-007,4
2.03e-007,3
2.04e-007,5
2.05e-007,6
2.06e-007,4
2.07e-007,5
2.08e-007,2
2.09e-007,7
2.1e-007,6
2.11e-007,4
2.12e-007,1
2.13e-007,5
2.14e-007,4
2.15e-007,1
2.16e-007,3
2.17e-007,4
2.18e-007,4
2.19e-007,4
2.2e-007,4
2.21e-007,6
2.22e-007,2
2.23e-007,4
2.24e-007,3
2.25e-007,2
2.26e-007,5
2.27e-007,8
2.28e-007,5
2.29e-007,0
2.3e-007,0
2.31e-007,5
2.32e-007,6
2.33e-007,2
2.34e-007,5
2.35e-007,5
2.36e-007,5
2.37e-007,8
2.38e-007,3
2.39e-007,2
2.4e-007,3
2.41e-007,5
2.42e-007,6
2.43e-007,7
2.44e-007,2
2.45e-007,5
2.46e-007,2
2.47e-007,3
2.48e-007,8
2.49e-007,4
2.5e-007,0
2.51e-007,2
2.52e-007,6
2.53e-007,2
2.54e-007,4
2.55e-007,2
2.56e-007,0
2.57e-007,1
2.58e-007,5
2.59e-007,5
2.6e-007,3
2.61e-007,8
2.62e-007,5
2.63e-007,2
2.64e-007,4
2.65e-007,5
2.66e-007,2
2.67e-007,4
2.68e-007,2
2.69e-007,1
2.7e-007,2
2.71e-007,4
2.72e-007,4
2.73e-007,4
2.74e-007,5
2.75e-007,3
2.76e-007,2
2.77e-007,5
2.78e-007,3
2.79e-007,3
2.8e-007,0
2.81e-007,1
2.82e-007,7
2.83e-007,5
2.84e-007,8
2.85e-007,2
2.86e-007,2
2.87e-007,5
2.88e-007,3
2.89e-007,4
2.9e-007,2
2.91e-007,3
2.92e-007,0
2.93e-007,5
2.94e-007,1
2.95e-007,2
2.96e-007,1
2.97e-007,4
2.98e-007,2
2.99e-007,5
3e-007,6
3.01e-007,7
3.02e-007,2
3.03e-007,2
3.04e-007,3
3.05e-007,1
3.06e-007,6
3.07e-007,2
3.08e-007,1
3.09e-007,4
3.1e-007,2
3.11e-007,5
3.12e-007,0
3.13e-007,3
3.14e-007,3
3.15e-007,2
3.16e-007,5
3.17e-007,4
3.18e-007,1
3.19e-007,3
3.2e-007,1
3.21e-007,1
3.22e-007,1
3.23e-007,3
3.24e-007,8
3.25e-007,1
3.26e-007,3
3.27e-007,3
3.28e-007,4
3.29e-007,3
3.3e-007,5
3.31e-007,1
3.32e-007,0
3.33e-007,2
3.34e-007,4
3.35e-007,0
3.36e-007,6
3.37e-007,2
3.38e-007,2
3.39e-007,3
3.4e-007,6
3.41e-007,0
3.42e-007,1
3.43e-007,1
3.44e-007,5
3.45e-007,2
3.46e-007,4
3.47e-007,1
3.48e-007,1
3.49e-007,1
3.5e-007,1
3.51e-007,3
3.52e-007,1
3.53e-007,1
3.54e-007,2
3.55e-007,2
3.56e-007,5
3.57e-007,5
3.58e-007,2
3.59e-007,2
3.6e-007,4
3.61e-007,5
3.62e-007,4
3.63e-007,4
3.64e-007,1
3.65e-007,4
3.66e-007,3
3.67e-007,4
3.68e-007,2
3.69e-007,3
3.7e-007,4
3.71e-007,2
3.72e-007,1
3.73e-007,2
3.74e-007,3
3.75e-007,2
3.76e-007,3
3.77e-007,3
3.78e-007,7
3.79e-007,1
3.8e-007,0
3.81e-007,4
3.82e-007,1
3.83e-007,2
3.84e-007,3
3.85e-007,4
3.86e-007,2
3.87e-007,5
3.88e-007,1
3.89e-007,1
3.9e-007,0
3.91e-007,3
3.92e-007,2
3.93e-007,0
3.94e-007,3
3.95e-007,2
3.96e-007,0
3.97e-007,0
3.98e-007,1
3.99e-007,2
4e-007,0
4.01e-007,3
4.02e-007,5
4.03e-007,2
4.04e-007,2
4.05e-007,4
4.06e-007,4
4.07e-007,0
4.08e-007,0
4.09e-007,0
4.1e-007,1
4.11e-007,2
4.12e-007,3
4.13e-007,2
4.14e-007,5
4.15e-007,1
4.16e-007,2
4.17e-007,4
4.18e-007,5
4.19e-007,1
4.2e-007,3
4.21e-007,2
4.22e-007,0
4.23e-007,6
4.24e-007,0
4.25e-007,0
4.26e-007,5
4.27e-007,3
4.28e-007,0
4.29e-007,2
4.3e-007,3
4.31e-007,0
4.32e-007,1
4.33e-007,1
4.34e-007,1
4.35e-007,3
4.36e-007,1
4.37e-007,2
4.38e-007,3
4.39e-007,2
4.4e-007,2
4.41e-007,2
4.42e-007,3
4.43e-007,1
4.44e-007,0
4.45e-007,3
4.46e-007,2
4.47e-007,1
4.48e-007,2
4.49e-007,3
4.5e-007,1
4.51e-007,2
4.52e-007,4
4.53e-007,3
4.54e-007,2
4.55e-007,1
4.56e-007,6
4.57e-007,0
4.58e-007,3
4.59e-007,1
4.6e-007,1
4.61e-007,0
4.62e-007,3
4.63e-007,3
4.64e-007,3
4.65e-007,1
4.66e-007,2
4.67e-007,2
4.68e-007,5
4.69e-007,0
4.7e-007,0
4.71e-007,2
4.72e-007,2
4.73e-007,2
4.74e-007,0
4.75e-007,1
4.76e-007,2
4.77e-007,0
4.78e-007,4
4.79e-007,1
4.8e-007,1
4.81e-007,1
4.82e-007,0
4.83e-007,1
4.84e-007,3
4.85e-007,4
4.86e-007,1
4.87e-007,4
4.88e-007,1
4.89e-007,1
4.9e-007,3
4.91e-007,0
4.92e-007,0
4.93e-007,1
4.94e-007,2
4.95e-007,1
4.96e-007,2
4.97e-007,0
4.98e-007,2
4.99e-007,1
5e-007,2
5.01e-007,1
5.02e-007,1
5.03e-007,1
5.04e-007,3
5.05e-007,1
5.06e-007,4
5.07e-007,1
5.08e-007,2
5.09e-007,1
5.1e-007,4
5.11e-007,0
5.12e-007,3
5.13e-007,0
5.14e-007,1
5.15e-007,2
5.16e-007,0
5.17e-007,1
5.18e-007,1
5.19e-007,3
5.2e-007,1
5.21e-007,0
5.22e-007,2
5.23e-007,0
5.24e-007,2
5.25e-007,0
5.26e-007,0
5.27e-007,2
5.28e-007,1
5.29e-007,1
5.3e-007,1
5.31e-007,1
5.32e-007,3
5.33e-007,2
5.34e-007,0
5.35e-007,1
5.36e-007,0
5.37e-007,0
5.38e-007,1
5.39e-007,1
5.4e-007,3
5.41e-007,3
5.42e-007,2
5.43e-007,2
5.44e-007,1
5.45e-007,1
5.46e-007,0
5.47e-007,2
5.48e-007,1
5.49e-007,1
5.5e-007,1
5.51e-007,0
5.52e-007,1
5.53e-007,3
5.54e-007,1
5.55e-007,1
5.56e-007,1
5.57e-007,2
5.58e-007,2
5.59e-007,1
5.6e-007,1
5.61e-007,2
5.62e-007,1
5.63e-007,2
5.64e-007,2
5.65e-007,0
5.66e-007,2
5.67e-007,1
5.68e-007,0
5.69e-007,2
5.7e-007,0
5.71e-007,1
5.72e-007,3
5.73e-007,0
5.74e-007,1
5.75e-007,2
5.76e-007,3
5.77e-007,2
5.78e-007,2
5.79e-007,4
5.8e-007,2
5.81e-007,1
5.82e-007,1
5.83e-007,1
5.84e-007,1
5.85e-007,1
5.86e-007,2
5.87e-007,1
5.88e-007,0
5.89e-007,0
5.9e-007,1
5.91e-007,2
5.92e-007,1
5.93e-007,0
5.94e-007,1
5.95e-007,2
5.96e-007,0
5.97e-007,0
5.98e-007,1
5.99e-007,3
6e-007,0
6.01e-007,1
6.02e-007,0
6.03e-007,1
6.04e-007,1
6.05e-007,1
6.06e-007,0
6.07e-007,0
6.08e-007,0
6.09e-007,2
6.1e-007,1
6.11e-007,3
6.12e-007,0
6.13e-007,0
6.14e-007,1
6.15e-007,2
6.16e-007,0
6.17e-007,3
6.18e-007,0
6.19e-007,0
6.2e-007,0
6.21e-007,2
6.22e-007,4
6.23e-007,1
6.24e-007,2
6.25e-007,2
6.26e-007,2
6.27e-007,2
6.28e-007,1
6.29e-007,2
6.3e-007,1
6.31e-007,1
6.32e-007,2
6.33e-007,3
6.34e-007,1
6.35e-007,1
6.36e-007,1
6.37e-007,2
6.38e-007,2
6.39e-007,2
6.4e-007,1
6.41e-007,1
6.42e-007,1
6.43e-007,1
6.44e-007,3
6.45e-007,0
6.46e-007,0
6.47e-007,2
6.48e-007,1
6.49e-007,1
6.5e-007,0
6.51e-007,1
6.52e-007,1
6.53e-007,0
6.54e-007,0
6.55e-007,2
6.56e-007,0
6.57e-007,1
6.58e-007,2
6.59e-007,1
6.6e-007,1
6.61e-007,1
6.62e-007,0
6.63e-007,1
6.64e-007,1
6.65e-007,0
6.66e-007,1
6.67e-007,0
6.68e-007,1
6.69e-007,3
6.7e-007,0
6.71e-007,0
6.72e-007,2
6.73e-007,0
6.74e-007,3
6.75e-007,2
6.76e-007,0
6.77e-007,2
6.78e-007,1
6.79e-007,1
6.8e-007,1
6.81e-007,0
6.82e-007,0
6.83e-007,1
6.84e-007,2
6.85e-007,0
6.86e-007,1
6.87e-007,2
6.88e-007,3
6.89e-007,0
6.9e-007,0
6.91e-007,0
6.92e-007,0
6.93e-007,1
6.94e-007,2
6.95e-007,3
6.96e-007,0
6.97e-007,0
6.98e-007,3
6.99e-007,1
7e-007,0
7.01e-007,0
7.02e-007,0
7.03e-007,0
7.04e-007,0
7.05e-007,0
7.06e-007,0
7.07e-007,1
7.08e-007,0
7.09e-007,0
7.1e-007,0
7.11e-007,1
7.12e-007,1
7.13e-007,1
7.14e-007,0
7.15e-007,1
7.16e-007,2
7.17e-007,0
7.18e-007,0
7.19e-007,0
7.2e-007,0
7.21e-007,1
7.22e-007,0
7.23e-007,1
7.24e-007,1
7.25e-007,4
7.26e-007,2
7.27e-007,3
7.28e-007,1
7.29e-007,0
7.3e-007,0
7.31e-007,1
7.32e-007,1
7.33e-007,4
7.34e-007,1
7.35e-007,0
7.36e-007,3
7.37e-007,0
7.38e-007,0
7.39e-007,2
7.4e-007,0
7.41e-007,1
7.42e-007,1
7.43e-007,1
7.44e-007,0
7.45e-007,0
7.46e-007,1
7.47e-007,0
7.48e-007,0
7.49e-007,1
7.5e-007,0
7.51e-007,1
7.52e-007,0
7.53e-007,1
7.54e-007,0
7.55e-007,1
7.56e-007,1
7.57e-007,0
7.58e-007,0
7.59e-007,0
7.6e-007,1
7.61e-007,1
7.62e-007,1
7.63e-007,0
7.64e-007,1
7.65e-007,0
7.66e-007,1
7.67e-007,0
7.68e-007,0
7.69e-007,0
7.7e-007,1
7.71e-007,2
7.72e-007,2
7.73e-007,2
7.74e-007,1
7.75e-007,0
7.76e-007,4
7.77e-007,0
7.78e-007,0
7.79e-007,1
7.8e-007,3
7.81e-007,1
7.82e-007,0
7.83e-007,2
7.84e-007,0
7.85e-007,0
7.86e-007,0
7.87e-007,1
7.88e-007,1
7.89e-007,0
7.9e-007,1
7.91e-007,1
7.92e-007,1
7.93e-007,0
7.94e-007,1
7.95e-007,1
7.96e-007,1
7.97e-007,2
7.98e-007,1
7.99e-007,1
8e-007,2
8.01e-007,1
8.02e-007,2
8.03e-007,0
8.04e-007,0
8.05e-007,0
8.06e-007,0
8.07e-007,2
8.08e-007,0
8.09e-007,1
8.1e-007,1
8.11e-007,1
8.12e-007,0
8.13e-007,0
8.14e-007,1
8.15e-007,1
8.16e-007,0
8.17e-007,1
8.18e-007,2
8.19e-007,3
8.2e-007,1
8.21e-007,0
8.22e-007,0
8.23e-007,0
8.24e-007,0
8.25e-007,0
8.26e-007,0
8.27e-007,0
8.28e-007,0
8.29e-007,0
8.3e-007,0
8.31e-007,0
8.32e-007,0
8.33e-007,1
8.34e-007,0
8.35e-007,1
8.36e-007,0
8.37e-007,3
8.38e-007,0
8.39e-007,1
8.4e-007,0
8.41e-007,3
8.42e-007,2
8.43e-007,0
8.44e-007,1
8.45e-007,3
8.46e-007,0
8.47e-007,1
8.48e-007,0
8.49e-007,3
8.5e-007,0
8.51e-007,0
8.52e-007,0
8.53e-007,0
8.54e-007,1
8.55e-007,1
8.56e-007,1
8.57e-007,0
8.58e-007,0
8.59e-007,3
8.6e-007,1
8.61e-007,0
8.62e-007,2
8.63e-007,1
8.64e-007,2
8.65e-007,1
8.66e-007,3
8.67e-007,1
8.68e-007,1
8.69e-007,1
8.7e-007,0
8.71e-007,1
8.72e-007,1
8.73e-007,2
8.74e-007,0
8.75e-007,0
8.76e-007,0
8.77e-007,1
8.78e-007,2
8.79e-007,2
8.8e-007,3
8.81e-007,0
8.82e-007,3
8.83e-007,0
8.84e-007,0
8.85e-007,2
8.86e-007,1
8.87e-007,1
8.88e-007,0
8.89e-007,1
8.9e-007,1
8.91e-007,0
8.92e-007,1
8.93e-007,2
8.94e-007,0
8.95e-007,0
8.96e-007,0
8.97e-007,1
8.98e-007,0
8.99e-007,0
