LECROYWRHRO66Zi,58279,Histogram
Segments,1,SegmentSize,993
Segment,TrigTime,TimeSinceSegment1
#1,11-Feb-2016 20:57:12,0                 
Time,Ampl
-9.3e-008,0
-9.2e-008,0
-9.1e-008,0
-9e-008,0
-8.9e-008,0
-8.8e-008,0
-8.7e-008,0
-8.6e-008,0
-8.5e-008,0
-8.4e-008,0
-8.3e-008,0
-8.2e-008,0
-8.1e-008,0
-8e-008,0
-7.9e-008,0
-7.8e-008,0
-7.7e-008,0
-7.6e-008,0
-7.5e-008,0
-7.4e-008,0
-7.3e-008,0
-7.2e-008,0
-7.1e-008,0
-7e-008,0
-6.9e-008,0
-6.8e-008,0
-6.7e-008,0
-6.6e-008,0
-6.5e-008,0
-6.4e-008,0
-6.3e-008,0
-6.2e-008,0
-6.1e-008,0
-6e-008,0
-5.9e-008,0
-5.8e-008,0
-5.7e-008,0
-5.6e-008,0
-5.5e-008,0
-5.4e-008,0
-5.3e-008,0
-5.2e-008,1
-5.1e-008,0
-5e-008,0
-4.9e-008,0
-4.8e-008,0
-4.7e-008,0
-4.6e-008,0
-4.5e-008,0
-4.4e-008,0
-4.3e-008,0
-4.2e-008,1
-4.1e-008,0
-4e-008,0
-3.9e-008,0
-3.8e-008,0
-3.7e-008,0
-3.6e-008,0
-3.5e-008,2
-3.4e-008,1
-3.3e-008,1
-3.2e-008,1
-3.1e-008,0
-3e-008,2
-2.9e-008,1
-2.8e-008,1
-2.7e-008,2
-2.6e-008,1
-2.5e-008,3
-2.4e-008,0
-2.3e-008,2
-2.2e-008,6
-2.1e-008,1
-2e-008,4
-1.9e-008,2
-1.8e-008,5
-1.7e-008,4
-1.6e-008,8
-1.5e-008,4
-1.4e-008,0
-1.3e-008,4
-1.2e-008,5
-1.1e-008,12
-1e-008,10
-9e-009,3
-8e-009,11
-7e-009,5
-6e-009,10
-5e-009,18
-4e-009,13
-3e-009,15
-2e-009,5
-1e-009,17
-1.29e-022,18
1e-009,17
2e-009,14
3e-009,18
4e-009,17
5e-009,16
6e-009,17
7e-009,14
8e-009,25
9e-009,22
1e-008,27
1.1e-008,15
1.2e-008,32
1.3e-008,33
1.4e-008,34
1.5e-008,19
1.6e-008,24
1.7e-008,37
1.8e-008,29
1.9e-008,30
2e-008,23
2.1e-008,30
2.2e-008,39
2.3e-008,41
2.4e-008,34
2.5e-008,40
2.6e-008,43
2.7e-008,45
2.8e-008,61
2.9e-008,49
3e-008,44
3.1e-008,53
3.2e-008,62
3.3e-008,57
3.4e-008,52
3.5e-008,45
3.6e-008,67
3.7e-008,69
3.8e-008,70
3.9e-008,75
4e-008,87
4.1e-008,79
4.2e-008,71
4.3e-008,86
4.4e-008,63
4.5e-008,69
4.6e-008,81
4.7e-008,82
4.8e-008,94
4.9e-008,89
5e-008,98
5.1e-008,76
5.2e-008,102
5.3e-008,104
5.4e-008,114
5.5e-008,110
5.6e-008,118
5.7e-008,127
5.8e-008,126
5.9e-008,127
6e-008,113
6.1e-008,127
6.2e-008,132
6.3e-008,129
6.4e-008,108
6.5e-008,119
6.6e-008,142
6.7e-008,136
6.8e-008,147
6.9e-008,140
7e-008,140
7.1e-008,146
7.2e-008,136
7.3e-008,157
7.4e-008,148
7.5e-008,178
7.6e-008,162
7.7e-008,174
7.8e-008,161
7.9e-008,177
8e-008,126
8.1e-008,161
8.2e-008,152
8.3e-008,156
8.4e-008,168
8.5e-008,168
8.6e-008,170
8.7e-008,157
8.8e-008,179
8.9e-008,177
9e-008,171
9.1e-008,177
9.2e-008,152
9.3e-008,170
9.4e-008,157
9.5e-008,166
9.6e-008,176
9.7e-008,151
9.8e-008,171
9.9e-008,168
1e-007,160
1.01e-007,166
1.02e-007,150
1.03e-007,168
1.04e-007,177
1.05e-007,177
1.06e-007,166
1.07e-007,152
1.08e-007,135
1.09e-007,146
1.1e-007,146
1.11e-007,151
1.12e-007,150
1.13e-007,154
1.14e-007,143
1.15e-007,144
1.16e-007,148
1.17e-007,149
1.18e-007,150
1.19e-007,127
1.2e-007,146
1.21e-007,133
1.22e-007,128
1.23e-007,99
1.24e-007,112
1.25e-007,115
1.26e-007,132
1.27e-007,107
1.28e-007,115
1.29e-007,105
1.3e-007,121
1.31e-007,101
1.32e-007,100
1.33e-007,110
1.34e-007,82
1.35e-007,98
1.36e-007,104
1.37e-007,78
1.38e-007,77
1.39e-007,76
1.4e-007,76
1.41e-007,90
1.42e-007,83
1.43e-007,86
1.44e-007,76
1.45e-007,77
1.46e-007,85
1.47e-007,81
1.48e-007,81
1.49e-007,61
1.5e-007,79
1.51e-007,55
1.52e-007,52
1.53e-007,70
1.54e-007,61
1.55e-007,62
1.56e-007,64
1.57e-007,66
1.58e-007,46
1.59e-007,53
1.6e-007,68
1.61e-007,44
1.62e-007,37
1.63e-007,46
1.64e-007,46
1.65e-007,38
1.66e-007,39
1.67e-007,46
1.68e-007,35
1.69e-007,22
1.7e-007,42
1.71e-007,33
1.72e-007,35
1.73e-007,27
1.74e-007,28
1.75e-007,26
1.76e-007,31
1.77e-007,23
1.78e-007,19
1.79e-007,21
1.8e-007,18
1.81e-007,21
1.82e-007,24
1.83e-007,19
1.84e-007,15
1.85e-007,20
1.86e-007,24
1.87e-007,23
1.88e-007,18
1.89e-007,13
1.9e-007,19
1.91e-007,14
1.92e-007,21
1.93e-007,18
1.94e-007,16
1.95e-007,15
1.96e-007,10
1.97e-007,12
1.98e-007,11
1.99e-007,8
2e-007,7
2.01e-007,11
2.02e-007,7
2.03e-007,8
2.04e-007,8
2.05e-007,9
2.06e-007,9
2.07e-007,6
2.08e-007,6
2.09e-007,3
2.1e-007,5
2.11e-007,9
2.12e-007,8
2.13e-007,3
2.14e-007,7
2.15e-007,15
2.16e-007,7
2.17e-007,9
2.18e-007,8
2.19e-007,5
2.2e-007,2
2.21e-007,5
2.22e-007,6
2.23e-007,3
2.24e-007,4
2.25e-007,3
2.26e-007,4
2.27e-007,3
2.28e-007,5
2.29e-007,5
2.3e-007,1
2.31e-007,5
2.32e-007,0
2.33e-007,4
2.34e-007,1
2.35e-007,4
2.36e-007,3
2.37e-007,4
2.38e-007,2
2.39e-007,2
2.4e-007,1
2.41e-007,8
2.42e-007,4
2.43e-007,1
2.44e-007,1
2.45e-007,0
2.46e-007,1
2.47e-007,2
2.48e-007,1
2.49e-007,3
2.5e-007,2
2.51e-007,1
2.52e-007,4
2.53e-007,2
2.54e-007,3
2.55e-007,4
2.56e-007,1
2.57e-007,3
2.58e-007,2
2.59e-007,3
2.6e-007,3
2.61e-007,0
2.62e-007,1
2.63e-007,3
2.64e-007,1
2.65e-007,5
2.66e-007,2
2.67e-007,0
2.68e-007,4
2.69e-007,4
2.7e-007,5
2.71e-007,3
2.72e-007,3
2.73e-007,2
2.74e-007,3
2.75e-007,5
2.76e-007,0
2.77e-007,2
2.78e-007,5
2.79e-007,0
2.8e-007,1
2.81e-007,1
2.82e-007,1
2.83e-007,1
2.84e-007,2
2.85e-007,0
2.86e-007,1
2.87e-007,2
2.88e-007,0
2.89e-007,0
2.9e-007,1
2.91e-007,2
2.92e-007,1
2.93e-007,2
2.94e-007,2
2.95e-007,2
2.96e-007,5
2.97e-007,3
2.98e-007,3
2.99e-007,4
3e-007,1
3.01e-007,4
3.02e-007,2
3.03e-007,3
3.04e-007,4
3.05e-007,3
3.06e-007,0
3.07e-007,3
3.08e-007,0
3.09e-007,3
3.1e-007,1
3.11e-007,0
3.12e-007,1
3.13e-007,2
3.14e-007,1
3.15e-007,2
3.16e-007,0
3.17e-007,5
3.18e-007,1
3.19e-007,2
3.2e-007,0
3.21e-007,1
3.22e-007,2
3.23e-007,1
3.24e-007,2
3.25e-007,2
3.26e-007,0
3.27e-007,3
3.28e-007,3
3.29e-007,1
3.3e-007,0
3.31e-007,4
3.32e-007,1
3.33e-007,2
3.34e-007,0
3.35e-007,1
3.36e-007,2
3.37e-007,2
3.38e-007,1
3.39e-007,1
3.4e-007,1
3.41e-007,1
3.42e-007,2
3.43e-007,1
3.44e-007,0
3.45e-007,5
3.46e-007,1
3.47e-007,0
3.48e-007,1
3.49e-007,2
3.5e-007,0
3.51e-007,1
3.52e-007,2
3.53e-007,4
3.54e-007,0
3.55e-007,4
3.56e-007,1
3.57e-007,2
3.58e-007,1
3.59e-007,2
3.6e-007,2
3.61e-007,1
3.62e-007,2
3.63e-007,1
3.64e-007,2
3.65e-007,2
3.66e-007,2
3.67e-007,2
3.68e-007,2
3.69e-007,1
3.7e-007,3
3.71e-007,3
3.72e-007,4
3.73e-007,1
3.74e-007,2
3.75e-007,2
3.76e-007,2
3.77e-007,1
3.78e-007,2
3.79e-007,0
3.8e-007,1
3.81e-007,3
3.82e-007,0
3.83e-007,0
3.84e-007,0
3.85e-007,1
3.86e-007,2
3.87e-007,1
3.88e-007,2
3.89e-007,1
3.9e-007,2
3.91e-007,0
3.92e-007,2
3.93e-007,0
3.94e-007,4
3.95e-007,2
3.96e-007,3
3.97e-007,0
3.98e-007,0
3.99e-007,0
4e-007,2
4.01e-007,0
4.02e-007,2
4.03e-007,0
4.04e-007,0
4.05e-007,2
4.06e-007,2
4.07e-007,1
4.08e-007,0
4.09e-007,1
4.1e-007,2
4.11e-007,1
4.12e-007,3
4.13e-007,0
4.14e-007,2
4.15e-007,1
4.16e-007,1
4.17e-007,0
4.18e-007,0
4.19e-007,0
4.2e-007,2
4.21e-007,0
4.22e-007,1
4.23e-007,1
4.24e-007,0
4.25e-007,1
4.26e-007,1
4.27e-007,1
4.28e-007,0
4.29e-007,1
4.3e-007,1
4.31e-007,1
4.32e-007,3
4.33e-007,2
4.34e-007,0
4.35e-007,0
4.36e-007,2
4.37e-007,3
4.38e-007,1
4.39e-007,2
4.4e-007,2
4.41e-007,0
4.42e-007,1
4.43e-007,1
4.44e-007,3
4.45e-007,1
4.46e-007,2
4.47e-007,0
4.48e-007,0
4.49e-007,0
4.5e-007,0
4.51e-007,1
4.52e-007,2
4.53e-007,1
4.54e-007,1
4.55e-007,0
4.56e-007,2
4.57e-007,1
4.58e-007,1
4.59e-007,0
4.6e-007,1
4.61e-007,1
4.62e-007,1
4.63e-007,0
4.64e-007,1
4.65e-007,2
4.66e-007,2
4.67e-007,0
4.68e-007,0
4.69e-007,2
4.7e-007,2
4.71e-007,2
4.72e-007,3
4.73e-007,0
4.74e-007,0
4.75e-007,1
4.76e-007,1
4.77e-007,1
4.78e-007,0
4.79e-007,1
4.8e-007,2
4.81e-007,0
4.82e-007,1
4.83e-007,3
4.84e-007,0
4.85e-007,1
4.86e-007,0
4.87e-007,1
4.88e-007,0
4.89e-007,0
4.9e-007,0
4.91e-007,1
4.92e-007,1
4.93e-007,1
4.94e-007,1
4.95e-007,1
4.96e-007,2
4.97e-007,1
4.98e-007,0
4.99e-007,0
5e-007,1
5.01e-007,0
5.02e-007,0
5.03e-007,3
5.04e-007,1
5.05e-007,0
5.06e-007,1
5.07e-007,0
5.08e-007,4
5.09e-007,1
5.1e-007,0
5.11e-007,2
5.12e-007,0
5.13e-007,0
5.14e-007,1
5.15e-007,1
5.16e-007,2
5.17e-007,1
5.18e-007,1
5.19e-007,2
5.2e-007,1
5.21e-007,0
5.22e-007,1
5.23e-007,0
5.24e-007,0
5.25e-007,1
5.26e-007,2
5.27e-007,1
5.28e-007,1
5.29e-007,1
5.3e-007,2
5.31e-007,0
5.32e-007,0
5.33e-007,2
5.34e-007,0
5.35e-007,1
5.36e-007,1
5.37e-007,2
5.38e-007,0
5.39e-007,0
5.4e-007,1
5.41e-007,2
5.42e-007,0
5.43e-007,0
5.44e-007,0
5.45e-007,0
5.46e-007,0
5.47e-007,1
5.48e-007,2
5.49e-007,1
5.5e-007,1
5.51e-007,1
5.52e-007,1
5.53e-007,1
5.54e-007,0
5.55e-007,0
5.56e-007,1
5.57e-007,0
5.58e-007,1
5.59e-007,1
5.6e-007,0
5.61e-007,2
5.62e-007,0
5.63e-007,0
5.64e-007,0
5.65e-007,0
5.66e-007,1
5.67e-007,1
5.68e-007,1
5.69e-007,1
5.7e-007,0
5.71e-007,1
5.72e-007,0
5.73e-007,0
5.74e-007,2
5.75e-007,0
5.76e-007,0
5.77e-007,0
5.78e-007,0
5.79e-007,0
5.8e-007,0
5.81e-007,2
5.82e-007,0
5.83e-007,0
5.84e-007,3
5.85e-007,2
5.86e-007,0
5.87e-007,0
5.88e-007,0
5.89e-007,0
5.9e-007,0
5.91e-007,0
5.92e-007,0
5.93e-007,0
5.94e-007,0
5.95e-007,1
5.96e-007,0
5.97e-007,0
5.98e-007,1
5.99e-007,2
6e-007,0
6.01e-007,2
6.02e-007,0
6.03e-007,0
6.04e-007,1
6.05e-007,0
6.06e-007,0
6.07e-007,1
6.08e-007,0
6.09e-007,2
6.1e-007,0
6.11e-007,1
6.12e-007,0
6.13e-007,0
6.14e-007,0
6.15e-007,1
6.16e-007,1
6.17e-007,1
6.18e-007,0
6.19e-007,1
6.2e-007,0
6.21e-007,1
6.22e-007,0
6.23e-007,0
6.24e-007,1
6.25e-007,1
6.26e-007,0
6.27e-007,1
6.28e-007,1
6.29e-007,0
6.3e-007,1
6.31e-007,0
6.32e-007,0
6.33e-007,0
6.34e-007,0
6.35e-007,1
6.36e-007,1
6.37e-007,2
6.38e-007,2
6.39e-007,1
6.4e-007,0
6.41e-007,0
6.42e-007,0
6.43e-007,1
6.44e-007,1
6.45e-007,0
6.46e-007,2
6.47e-007,0
6.48e-007,1
6.49e-007,0
6.5e-007,2
6.51e-007,0
6.52e-007,0
6.53e-007,0
6.54e-007,1
6.55e-007,0
6.56e-007,0
6.57e-007,1
6.58e-007,1
6.59e-007,1
6.6e-007,0
6.61e-007,1
6.62e-007,0
6.63e-007,0
6.64e-007,1
6.65e-007,3
6.66e-007,3
6.67e-007,1
6.68e-007,0
6.69e-007,1
6.7e-007,1
6.71e-007,1
6.72e-007,0
6.73e-007,0
6.74e-007,1
6.75e-007,0
6.76e-007,2
6.77e-007,1
6.78e-007,0
6.79e-007,1
6.8e-007,1
6.81e-007,0
6.82e-007,1
6.83e-007,1
6.84e-007,0
6.85e-007,3
6.86e-007,1
6.87e-007,1
6.88e-007,1
6.89e-007,1
6.9e-007,0
6.91e-007,0
6.92e-007,0
6.93e-007,1
6.94e-007,0
6.95e-007,0
6.96e-007,0
6.97e-007,1
6.98e-007,0
6.99e-007,1
7e-007,2
7.01e-007,1
7.02e-007,1
7.03e-007,1
7.04e-007,0
7.05e-007,0
7.06e-007,1
7.07e-007,0
7.08e-007,0
7.09e-007,2
7.1e-007,0
7.11e-007,2
7.12e-007,1
7.13e-007,0
7.14e-007,0
7.15e-007,0
7.16e-007,0
7.17e-007,2
7.18e-007,0
7.19e-007,0
7.2e-007,0
7.21e-007,0
7.22e-007,0
7.23e-007,0
7.24e-007,1
7.25e-007,0
7.26e-007,0
7.27e-007,0
7.28e-007,0
7.29e-007,0
7.3e-007,0
7.31e-007,0
7.32e-007,1
7.33e-007,1
7.34e-007,0
7.35e-007,0
7.36e-007,0
7.37e-007,0
7.38e-007,0
7.39e-007,1
7.4e-007,0
7.41e-007,0
7.42e-007,0
7.43e-007,0
7.44e-007,1
7.45e-007,0
7.46e-007,0
7.47e-007,1
7.48e-007,0
7.49e-007,0
7.5e-007,0
7.51e-007,0
7.52e-007,1
7.53e-007,0
7.54e-007,0
7.55e-007,1
7.56e-007,0
7.57e-007,0
7.58e-007,0
7.59e-007,0
7.6e-007,1
7.61e-007,0
7.62e-007,0
7.63e-007,0
7.64e-007,0
7.65e-007,0
7.66e-007,0
7.67e-007,0
7.68e-007,0
7.69e-007,0
7.7e-007,0
7.71e-007,1
7.72e-007,1
7.73e-007,0
7.74e-007,0
7.75e-007,0
7.76e-007,0
7.77e-007,2
7.78e-007,0
7.79e-007,0
7.8e-007,0
7.81e-007,0
7.82e-007,0
7.83e-007,0
7.84e-007,0
7.85e-007,0
7.86e-007,1
7.87e-007,0
7.88e-007,0
7.89e-007,0
7.9e-007,0
7.91e-007,1
7.92e-007,0
7.93e-007,0
7.94e-007,0
7.95e-007,0
7.96e-007,0
7.97e-007,0
7.98e-007,0
7.99e-007,0
8e-007,0
8.01e-007,0
8.02e-007,0
8.03e-007,0
8.04e-007,0
8.05e-007,1
8.06e-007,0
8.07e-007,0
8.08e-007,1
8.09e-007,0
8.1e-007,0
8.11e-007,2
8.12e-007,0
8.13e-007,0
8.14e-007,0
8.15e-007,1
8.16e-007,0
8.17e-007,1
8.18e-007,0
8.19e-007,0
8.2e-007,0
8.21e-007,0
8.22e-007,1
8.23e-007,0
8.24e-007,1
8.25e-007,0
8.26e-007,0
8.27e-007,1
8.28e-007,0
8.29e-007,0
8.3e-007,0
8.31e-007,0
8.32e-007,0
8.33e-007,0
8.34e-007,1
8.35e-007,0
8.36e-007,1
8.37e-007,0
8.38e-007,1
8.39e-007,0
8.4e-007,0
8.41e-007,0
8.42e-007,0
8.43e-007,0
8.44e-007,0
8.45e-007,0
8.46e-007,0
8.47e-007,0
8.48e-007,0
8.49e-007,0
8.5e-007,0
8.51e-007,0
8.52e-007,0
8.53e-007,0
8.54e-007,1
8.55e-007,0
8.56e-007,1
8.57e-007,0
8.58e-007,0
8.59e-007,0
8.6e-007,0
8.61e-007,0
8.62e-007,1
8.63e-007,1
8.64e-007,0
8.65e-007,0
8.66e-007,0
8.67e-007,0
8.68e-007,0
8.69e-007,1
8.7e-007,1
8.71e-007,0
8.72e-007,0
8.73e-007,0
8.74e-007,0
8.75e-007,0
8.76e-007,0
8.77e-007,1
8.78e-007,0
8.79e-007,0
8.8e-007,1
8.81e-007,0
8.82e-007,0
8.83e-007,1
8.84e-007,0
8.85e-007,0
8.86e-007,0
8.87e-007,1
8.88e-007,0
8.89e-007,0
8.9e-007,0
8.91e-007,1
8.92e-007,0
8.93e-007,0
8.94e-007,0
8.95e-007,0
8.96e-007,0
8.97e-007,0
8.98e-007,1
8.99e-007,0
