0	18.918
0.6	18.717
1.2	18.246
1.8	17.885
2.4	17.58
3	17.309
3.6	17.059
4.2	16.827
4.8	16.611
5.4	16.412
6	16.226
6.6	16.048
7.2	15.87
7.8	15.687
8.4	15.492
9	15.282
9.6	15.058
10.2	14.82
10.8	14.571
11.4	14.314
12	14.052
12.6	13.787
13.2	13.523
13.8	13.259
14.4	12.999
15	12.742
15.6	12.489
16.2	12.241
16.8	11.997
17.4	11.759
18	11.526
18.6	11.298
19.2	11.074
19.8	10.856
20.4	10.643
21	10.434
21.6	10.231
22.2	10.032
22.8	9.8372
23.4	9.6473
24	9.4618
24.6	9.2806
25.2	9.1037
25.8	8.9309
26.4	8.7622
27	8.5976
27.6	8.4368
28.2	8.2799
28.8	8.1268
29.4	7.9774
30	7.8316
30.6	7.6893
31.2	7.5506
31.8	7.4152
32.4	7.2832
33	7.1544
33.6	7.0289
34.2	6.9065
34.8	6.7871
35.4	6.6708
36	6.5574
36.6	6.4469
37.2	6.3392
37.8	6.2342
38.4	6.132
39	6.0324
39.6	5.9354
40.2	5.8409
40.8	5.749
41.4	5.6594
42	5.5722
42.6	5.4873
43.2	5.4047
43.8	5.3243
44.4	5.2461
45	5.17
45.6	5.096
46.2	5.0239
46.8	4.9539
47.4	4.8858
48	4.8196
48.6	4.7552
49.2	4.6926
49.8	4.6318
50.4	4.5727
51	4.5153
51.6	4.4595
52.2	4.4053
52.8	4.3526
53.4	4.3015
54	4.2518
54.6	4.2036
55.2	4.1568
55.8	4.1114
56.4	4.0673
57	4.0245
57.6	3.9829
58.2	3.9426
58.8	3.9035
59.4	3.8655
60	3.8287
60.6	3.7931
61.2	3.7584
61.8	3.7249
62.4	3.6923
63	3.6607
63.6	3.6301
64.2	3.6004
64.8	3.5717
65.4	3.5438
66	3.5168
66.6	3.4906
67.2	3.4652
67.8	3.4406
68.4	3.4167
69	3.3936
69.6	3.3712
70.2	3.3494
70.8	3.3284
71.4	3.308
72	3.2882
72.6	3.269
73.2	3.2505
73.8	3.2324
74.4	3.215
75	3.198
75.6	3.1816
76.2	3.1657
76.8	3.1502
77.4	3.1352
78	3.1207
78.6	3.1065
79.2	3.0928
79.8	3.0795
80.4	3.0666
81	3.054
81.6	3.0418
82.2	3.03
82.8	3.0184
83.4	3.0072
84	2.9963
84.6	2.9857
85.2	2.9753
85.8	2.9652
86.4	2.9554
87	2.9458
87.6	2.9365
88.2	2.9273
88.8	2.9184
89.4	2.9097
90	2.9012
90.6	2.8929
91.2	2.8847
91.8	2.8767
92.4	2.8689
93	2.8613
93.6	2.8537
94.2	2.8463
94.8	2.8391
95.4	2.8319
96	2.8249
96.6	2.818
97.2	2.8112
97.8	2.8045
98.4	2.7979
99	2.7914
99.6	2.7849
100.2	2.7785
100.8	2.7722
101.4	2.766
102	2.7598
102.6	2.7537
103.2	2.7476
103.8	2.7416
104.4	2.7356
105	2.7296
105.6	2.7237
106.2	2.7179
106.8	2.712
107.4	2.7062
108	2.7004
108.6	2.6946
109.2	2.6889
109.8	2.6831
110.4	2.6774
111	2.6716
111.6	2.6659
112.2	2.6602
112.8	2.6545
113.4	2.6488
114	2.6431
114.6	2.6373
115.2	2.6316
115.8	2.6259
116.4	2.6201
117	2.6144
117.6	2.6086
118.2	2.6029
118.8	2.5971
119.4	2.5913
120	2.5854
120.6	2.5796
121.2	2.5737
121.8	2.5679
122.4	2.562
123	2.5561
123.6	2.5501
124.2	2.5442
124.8	2.5382
125.4	2.5322
126	2.5261
126.6	2.5201
127.2	2.514
127.8	2.5079
128.4	2.5017
129	2.4955
129.6	2.4894
130.2	2.4831
130.8	2.4769
131.4	2.4706
132	2.4643
132.6	2.4579
133.2	2.4516
133.8	2.4452
134.4	2.4388
135	2.4323
135.6	2.4258
136.2	2.4193
136.8	2.4127
137.4	2.4062
138	2.3995
138.6	2.3929
139.2	2.3862
139.8	2.3795
140.4	2.3728
141	2.366
141.6	2.3592
142.2	2.3524
142.8	2.3455
143.4	2.3386
144	2.3317
144.6	2.3248
145.2	2.3178
145.8	2.3108
146.4	2.3037
147	2.2966
147.6	2.2895
148.2	2.2824
148.8	2.2752
149.4	2.268
150	2.2608
150.6	2.2535
151.2	2.2462
151.8	2.2389
152.4	2.2315
153	2.2241
153.6	2.2167
154.2	2.2093
154.8	2.2018
155.4	2.1943
156	2.1867
156.6	2.1792
157.2	2.1716
157.8	2.1639
158.4	2.1563
159	2.1486
159.6	2.1409
160.2	2.1331
160.8	2.1253
161.4	2.1175
162	2.1097
162.6	2.1018
163.2	2.0939
163.8	2.086
164.4	2.0781
165	2.0701
165.6	2.0621
166.2	2.054
166.8	2.046
167.4	2.0379
168	2.0298
168.6	2.0216
169.2	2.0135
169.8	2.0053
170.4	1.997
171	1.9888
171.6	1.9805
172.2	1.9722
172.8	1.9639
173.4	1.9555
174	1.9472
174.6	1.9388
175.2	1.9303
175.8	1.9219
176.4	1.9134
177	1.9049
177.6	1.8964
178.2	1.8878
178.8	1.8793
179.4	1.8707
180	1.8621
180.6	1.8535
181.2	1.8448
181.8	1.8361
182.4	1.8274
183	1.8187
183.6	1.81
184.2	1.8012
184.8	1.7925
185.4	1.7837
186	1.7749
186.6	1.766
187.2	1.7572
187.8	1.7483
188.4	1.7395
189	1.7306
189.6	1.7217
190.2	1.7127
190.8	1.7038
191.4	1.6949
192	1.6859
192.6	1.6769
193.2	1.6679
193.8	1.6589
194.4	1.6499
195	1.6409
195.6	1.6319
196.2	1.6228
196.8	1.6138
197.4	1.6047
198	1.5956
198.6	1.5865
199.2	1.5774
199.8	1.5684
200.4	1.5593
201	1.5501
201.6	1.541
202.2	1.5319
202.8	1.5228
203.4	1.5137
204	1.5045
204.6	1.4954
205.2	1.4863
205.8	1.4771
206.4	1.468
207	1.4589
207.6	1.4497
208.2	1.4406
208.8	1.4315
209.4	1.4223
210	1.4132
210.6	1.4041
211.2	1.395
211.8	1.3859
212.4	1.3768
213	1.3677
213.6	1.3586
214.2	1.3495
214.8	1.3404
215.4	1.3313
216	1.3223
216.6	1.3132
217.2	1.3042
217.8	1.2951
218.4	1.2861
219	1.2771
219.6	1.2681
220.2	1.2591
220.8	1.2501
221.4	1.2412
222	1.2322
222.6	1.2233
223.2	1.2144
223.8	1.2055
224.4	1.1966
225	1.1877
225.6	1.1789
226.2	1.1701
226.8	1.1613
227.4	1.1525
228	1.1437
228.6	1.135
229.2	1.1263
229.8	1.1176
230.4	1.1089
231	1.1002
231.6	1.0916
232.2	1.083
232.8	1.0744
233.4	1.0659
234	1.0573
234.6	1.0488
235.2	1.0403
235.8	1.0319
236.4	1.0235
237	1.0151
237.6	1.0067
238.2	0.99835
238.8	0.99004
239.4	0.98176
240	0.97351
240.6	0.96529
241.2	0.95711
241.8	0.94895
242.4	0.94082
243	0.93273
243.6	0.92467
244.2	0.91664
244.8	0.90865
245.4	0.90069
246	0.89276
246.6	0.88487
247.2	0.87702
247.8	0.8692
248.4	0.86141
249	0.85366
249.6	0.84595
250.2	0.83827
250.8	0.83064
251.4	0.82303
252	0.81547
252.6	0.80794
253.2	0.80045
253.8	0.793
254.4	0.78559
255	0.77822
255.6	0.77089
256.2	0.76359
256.8	0.75634
257.4	0.74912
258	0.74195
258.6	0.73481
259.2	0.72772
259.8	0.72067
260.4	0.71365
261	0.70668
261.6	0.69975
262.2	0.69287
262.8	0.68602
263.4	0.67921
264	0.67245
264.6	0.66573
265.2	0.65905
265.8	0.65241
266.4	0.64581
267	0.63926
267.6	0.63275
268.2	0.62629
268.8	0.61986
269.4	0.61348
270	0.60714
270.6	0.60085
271.2	0.5946
271.8	0.58839
272.4	0.58222
273	0.5761
273.6	0.57002
274.2	0.56398
274.8	0.55799
275.4	0.55204
276	0.54614
276.6	0.54027
277.2	0.53446
277.8	0.52868
278.4	0.52295
279	0.51726
279.6	0.51161
280.2	0.50601
280.8	0.50045
281.4	0.49494
282	0.48946
282.6	0.48403
283.2	0.47865
283.8	0.47331
284.4	0.46801
285	0.46275
285.6	0.45753
286.2	0.45236
286.8	0.44723
287.4	0.44215
288	0.4371
288.6	0.4321
289.2	0.42714
289.8	0.42223
290.4	0.41735
291	0.41252
291.6	0.40773
292.2	0.40298
292.8	0.39827
293.4	0.39361
294	0.38898
294.6	0.3844
295.2	0.37986
295.8	0.37535
296.4	0.37089
297	0.36647
297.6	0.36209
298.2	0.35775
298.8	0.35345
299.4	0.3492
300	0.34498
300.6	0.3408
301.2	0.33666
301.8	0.33256
302.4	0.32849
303	0.32447
303.6	0.32048
304.2	0.31654
304.8	0.31263
305.4	0.30876
306	0.30493
306.6	0.30114
307.2	0.29738
307.8	0.29366
308.4	0.28998
309	0.28634
309.6	0.28273
310.2	0.27916
310.8	0.27562
311.4	0.27212
312	0.26866
312.6	0.26523
313.2	0.26184
313.8	0.25848
314.4	0.25516
315	0.25188
315.6	0.24862
316.2	0.24541
316.8	0.24222
317.4	0.23907
318	0.23596
318.6	0.23287
319.2	0.22982
319.8	0.22681
320.4	0.22382
321	0.22087
321.6	0.21795
322.2	0.21507
322.8	0.21221
323.4	0.20939
324	0.20659
324.6	0.20383
325.2	0.2011
325.8	0.1984
326.4	0.19573
327	0.1931
327.6	0.19049
328.2	0.18791
328.8	0.18536
329.4	0.18284
330	0.18035
330.6	0.17788
331.2	0.17545
331.8	0.17304
332.4	0.17066
333	0.16831
333.6	0.16599
334.2	0.1637
334.8	0.16143
335.4	0.15919
336	0.15697
336.6	0.15478
337.2	0.15262
337.8	0.15049
338.4	0.14838
339	0.14629
339.6	0.14423
340.2	0.1422
340.8	0.14019
341.4	0.1382
342	0.13624
342.6	0.1343
343.2	0.13239
343.8	0.1305
344.4	0.12864
345	0.12679
345.6	0.12497
346.2	0.12318
346.8	0.1214
347.4	0.11965
348	0.11792
348.6	0.11621
349.2	0.11453
349.8	0.11286
350.4	0.11122
351	0.1096
351.6	0.10799
352.2	0.10641
352.8	0.10485
353.4	0.10331
354	0.10179
354.6	0.10029
355.2	0.098809
355.8	0.097347
356.4	0.095904
357	0.09448
357.6	0.093075
358.2	0.091689
358.8	0.09032
359.4	0.08897
360	0.087638
360.6	0.086323
361.2	0.085026
361.8	0.083747
362.4	0.082485
363	0.08124
363.6	0.080011
364.2	0.078799
364.8	0.077603
365.4	0.076424
366	0.075261
366.6	0.074114
367.2	0.072982
367.8	0.071866
368.4	0.070765
369	0.069679
369.6	0.068609
370.2	0.067552
370.8	0.066511
371.4	0.065484
372	0.064472
372.6	0.063474
373.2	0.062489
373.8	0.061518
374.4	0.060562
375	0.059618
375.6	0.058688
376.2	0.057771
376.8	0.056867
377.4	0.055975
378	0.055097
378.6	0.054231
379.2	0.053377
379.8	0.052536
380.4	0.051706
381	0.02545
