0	20.824
0.66	19.447
1.26	18.883
1.86	18.451
2.46	18.086
3.06	17.761
3.66	17.462
4.26	17.183
4.86	16.918
5.46	16.664
6.06	16.421
6.66	16.187
7.26	15.958
7.86	15.733
8.46	15.506
9.06	15.275
9.66	15.037
10.26	14.789
10.86	14.533
11.46	14.27
12.06	14.002
12.66	13.731
13.26	13.459
13.86	13.19
14.46	12.924
15.06	12.662
15.66	12.406
16.26	12.155
16.86	11.91
17.46	11.67
18.06	11.437
18.66	11.209
19.26	10.987
19.86	10.77
20.46	10.559
21.06	10.352
21.66	10.151
22.26	9.9552
22.86	9.764
23.46	9.5775
24.06	9.3956
24.66	9.2183
25.26	9.0453
25.86	8.8766
26.46	8.712
27.06	8.5516
27.66	8.3951
28.26	8.2425
28.86	8.0937
29.46	7.9486
30.06	7.8071
30.66	7.6691
31.26	7.5346
31.86	7.4034
32.46	7.2755
33.06	7.1507
33.66	7.0291
34.26	6.9106
34.86	6.795
35.46	6.6823
36.06	6.5724
36.66	6.4653
37.26	6.3609
37.86	6.2592
38.46	6.16
39.06	6.0633
39.66	5.9691
40.26	5.8772
40.86	5.7877
41.46	5.7005
42.06	5.6155
42.66	5.5327
43.26	5.452
43.86	5.3734
44.46	5.2968
45.06	5.2222
45.66	5.1495
46.26	5.0786
46.86	5.0097
47.46	4.9425
48.06	4.877
48.66	4.8133
49.26	4.7512
49.86	4.6908
50.46	4.632
51.06	4.5747
51.66	4.5189
52.26	4.4645
52.86	4.4117
53.46	4.3602
54.06	4.3101
54.66	4.2613
55.26	4.2138
55.86	4.1676
56.46	4.1226
57.06	4.0788
57.66	4.0362
58.26	3.9948
58.86	3.9544
59.46	3.9152
60.06	3.877
60.66	3.8398
61.26	3.8037
61.86	3.7685
62.46	3.7343
63.06	3.701
63.66	3.6686
64.26	3.6371
64.86	3.6064
65.46	3.5766
66.06	3.5476
66.66	3.5193
67.26	3.4919
67.86	3.4652
68.46	3.4392
69.06	3.4139
69.66	3.3893
70.26	3.3653
70.86	3.3421
71.46	3.3194
72.06	3.2973
72.66	3.2759
73.26	3.255
73.86	3.2347
74.46	3.2149
75.06	3.1957
75.66	3.1769
76.26	3.1587
76.86	3.1409
77.46	3.1236
78.06	3.1068
78.66	3.0904
79.26	3.0744
79.86	3.0589
80.46	3.0437
81.06	3.0289
81.66	3.0145
82.26	3.0004
82.86	2.9867
83.46	2.9734
84.06	2.9603
84.66	2.9476
85.26	2.9352
85.86	2.923
86.46	2.9112
87.06	2.8996
87.66	2.8883
88.26	2.8773
88.86	2.8665
89.46	2.8559
90.06	2.8455
90.66	2.8354
91.26	2.8255
91.86	2.8158
92.46	2.8063
93.06	2.7969
93.66	2.7878
94.26	2.7788
94.86	2.77
95.46	2.7613
96.06	2.7528
96.66	2.7445
97.26	2.7362
97.86	2.7281
98.46	2.7202
99.06	2.7123
99.66	2.7046
100.26	2.697
100.86	2.6895
101.46	2.682
102.06	2.6747
102.66	2.6675
103.26	2.6603
103.86	2.6532
104.46	2.6462
105.06	2.6393
105.66	2.6324
106.26	2.6256
106.86	2.6189
107.46	2.6122
108.06	2.6056
108.66	2.599
109.26	2.5924
109.86	2.5859
110.46	2.5795
111.06	2.573
111.66	2.5666
112.26	2.5603
112.86	2.5539
113.46	2.5476
114.06	2.5413
114.66	2.535
115.26	2.5287
115.86	2.5225
116.46	2.5162
117.06	2.51
117.66	2.5038
118.26	2.4975
118.86	2.4913
119.46	2.4851
120.06	2.4789
120.66	2.4727
121.26	2.4664
121.86	2.4602
122.46	2.454
123.06	2.4478
123.66	2.4415
124.26	2.4353
124.86	2.429
125.46	2.4227
126.06	2.4164
126.66	2.4101
127.26	2.4038
127.86	2.3975
128.46	2.3912
129.06	2.3848
129.66	2.3784
130.26	2.372
130.86	2.3656
131.46	2.3592
132.06	2.3528
132.66	2.3463
133.26	2.3398
133.86	2.3333
134.46	2.3268
135.06	2.3202
135.66	2.3137
136.26	2.3071
136.86	2.3005
137.46	2.2939
138.06	2.2872
138.66	2.2806
139.26	2.2739
139.86	2.2672
140.46	2.2604
141.06	2.2537
141.66	2.2469
142.26	2.2401
142.86	2.2333
143.46	2.2265
144.06	2.2196
144.66	2.2128
145.26	2.2059
145.86	2.199
146.46	2.1921
147.06	2.1851
147.66	2.1781
148.26	2.1712
148.86	2.1642
149.46	2.1572
150.06	2.1501
150.66	2.1431
151.26	2.136
151.86	2.1289
152.46	2.1218
153.06	2.1147
153.66	2.1076
154.26	2.1005
154.86	2.0933
155.46	2.0861
156.06	2.079
156.66	2.0718
157.26	2.0646
157.86	2.0573
158.46	2.0501
159.06	2.0429
159.66	2.0356
160.26	2.0283
160.86	2.0211
161.46	2.0138
162.06	2.0065
162.66	1.9992
163.26	1.9919
163.86	1.9846
164.46	1.9772
165.06	1.9699
165.66	1.9626
166.26	1.9552
166.86	1.9479
167.46	1.9405
168.06	1.9331
168.66	1.9258
169.26	1.9184
169.86	1.911
170.46	1.9036
171.06	1.8962
171.66	1.8888
172.26	1.8814
172.86	1.874
173.46	1.8666
174.06	1.8592
174.66	1.8518
175.26	1.8443
175.86	1.8369
176.46	1.8295
177.06	1.8221
177.66	1.8146
178.26	1.8072
178.86	1.7998
179.46	1.7924
180.06	1.7849
180.66	1.7775
181.26	1.7701
181.86	1.7626
182.46	1.7552
183.06	1.7477
183.66	1.7403
184.26	1.7329
184.86	1.7254
185.46	1.718
186.06	1.7106
186.66	1.7031
187.26	1.6957
187.86	1.6882
188.46	1.6808
189.06	1.6734
189.66	1.6659
190.26	1.6585
190.86	1.651
191.46	1.6436
192.06	1.6362
192.66	1.6287
193.26	1.6213
193.86	1.6139
194.46	1.6064
195.06	1.599
195.66	1.5915
196.26	1.5841
196.86	1.5767
197.46	1.5692
198.06	1.5618
198.66	1.5544
199.26	1.5469
199.86	1.5395
200.46	1.5321
201.06	1.5246
201.66	1.5172
202.26	1.5098
202.86	1.5023
203.46	1.4949
204.06	1.4875
204.66	1.48
205.26	1.4726
205.86	1.4652
206.46	1.4577
207.06	1.4503
207.66	1.4428
208.26	1.4354
208.86	1.428
209.46	1.4205
210.06	1.4131
210.66	1.4057
211.26	1.3982
211.86	1.3908
212.46	1.3834
213.06	1.3759
213.66	1.3685
214.26	1.361
214.86	1.3536
215.46	1.3462
216.06	1.3387
216.66	1.3313
217.26	1.3238
217.86	1.3164
218.46	1.309
219.06	1.3015
219.66	1.2941
220.26	1.2866
220.86	1.2792
221.46	1.2718
222.06	1.2643
222.66	1.2569
223.26	1.2494
223.86	1.242
224.46	1.2346
225.06	1.2271
225.66	1.2197
226.26	1.2123
226.86	1.2048
227.46	1.1974
228.06	1.19
228.66	1.1825
229.26	1.1751
229.86	1.1677
230.46	1.1603
231.06	1.1528
231.66	1.1454
232.26	1.138
232.86	1.1306
233.46	1.1232
234.06	1.1158
234.66	1.1084
235.26	1.101
235.86	1.0936
236.46	1.0862
237.06	1.0788
237.66	1.0714
238.26	1.064
238.86	1.0567
239.46	1.0493
240.06	1.0419
240.66	1.0346
241.26	1.0272
241.86	1.0199
242.46	1.0126
243.06	1.0052
243.66	0.99792
244.26	0.9906
244.86	0.9833
245.46	0.97601
246.06	0.96872
246.66	0.96144
247.26	0.95418
247.86	0.94692
248.46	0.93967
249.06	0.93243
249.66	0.92521
250.26	0.918
250.86	0.91079
251.46	0.9036
252.06	0.89642
252.66	0.88926
253.26	0.88211
253.86	0.87497
254.46	0.86785
255.06	0.86074
255.66	0.85364
256.26	0.84656
256.86	0.8395
257.46	0.83245
258.06	0.82542
258.66	0.8184
259.26	0.8114
259.86	0.80442
260.46	0.79746
261.06	0.79051
261.66	0.78359
262.26	0.77668
262.86	0.76979
263.46	0.76293
264.06	0.75608
264.66	0.74925
265.26	0.74245
265.86	0.73566
266.46	0.7289
267.06	0.72216
267.66	0.71544
268.26	0.70875
268.86	0.70208
269.46	0.69543
270.06	0.68881
270.66	0.68221
271.26	0.67564
271.86	0.66909
272.46	0.66257
273.06	0.65608
273.66	0.64961
274.26	0.64317
274.86	0.63675
275.46	0.63036
276.06	0.624
276.66	0.61767
277.26	0.61137
277.86	0.6051
278.46	0.59885
279.06	0.59264
279.66	0.58646
280.26	0.5803
280.86	0.57418
281.46	0.56809
282.06	0.56202
282.66	0.55599
283.26	0.55
283.86	0.54403
284.46	0.5381
285.06	0.5322
285.66	0.52633
286.26	0.5205
286.86	0.51469
287.46	0.50893
288.06	0.5032
288.66	0.4975
289.26	0.49183
289.86	0.4862
290.46	0.48061
291.06	0.47505
291.66	0.46953
292.26	0.46404
292.86	0.45859
293.46	0.45317
294.06	0.44779
294.66	0.44245
295.26	0.43714
295.86	0.43187
296.46	0.42664
297.06	0.42144
297.66	0.41628
298.26	0.41116
298.86	0.40608
299.46	0.40103
300.06	0.39603
300.66	0.39106
301.26	0.38612
301.86	0.38123
302.46	0.37637
303.06	0.37156
303.66	0.36678
304.26	0.36204
304.86	0.35734
305.46	0.35267
306.06	0.34805
306.66	0.34346
307.26	0.33892
307.86	0.33441
308.46	0.32994
309.06	0.32551
309.66	0.32112
310.26	0.31676
310.86	0.31245
311.46	0.30817
312.06	0.30394
312.66	0.29974
313.26	0.29558
313.86	0.29146
314.46	0.28738
315.06	0.28334
315.66	0.27934
316.26	0.27538
316.86	0.27145
317.46	0.26756
318.06	0.26371
318.66	0.2599
319.26	0.25613
319.86	0.2524
320.46	0.2487
321.06	0.24505
321.66	0.24143
322.26	0.23785
322.86	0.2343
323.46	0.2308
324.06	0.22733
324.66	0.2239
325.26	0.2205
325.86	0.21715
326.46	0.21383
327.06	0.21055
327.66	0.2073
328.26	0.20409
328.86	0.20092
329.46	0.19778
330.06	0.19468
330.66	0.19162
331.26	0.18859
331.86	0.1856
332.46	0.18264
333.06	0.17972
333.66	0.17683
334.26	0.17398
334.86	0.17116
335.46	0.16837
336.06	0.16563
336.66	0.16291
337.26	0.16023
337.86	0.15758
338.46	0.15497
339.06	0.15239
339.66	0.14984
340.26	0.14732
340.86	0.14484
341.46	0.14239
342.06	0.13997
342.66	0.13759
343.26	0.13523
343.86	0.13291
344.46	0.13061
345.06	0.12835
345.66	0.12612
346.26	0.12392
346.86	0.12175
347.46	0.11961
348.06	0.1175
348.66	0.11542
349.26	0.11337
349.86	0.11135
350.46	0.10935
351.06	0.10739
351.66	0.10545
352.26	0.10354
352.86	0.10166
353.46	0.099808
354.06	0.097981
354.66	0.096182
355.26	0.094408
355.86	0.092662
356.46	0.090941
357.06	0.089247
357.66	0.087578
358.26	0.085934
358.86	0.084316
359.46	0.082722
360.06	0.081154
360.66	0.079609
361.26	0.078089
361.86	0.076592
362.46	0.075119
363.06	0.073669
363.66	0.072243
364.26	0.070839
364.86	0.069458
365.46	0.068099
366.06	0.066762
366.66	0.065447
367.26	0.064154
367.86	0.062882
368.46	0.06163
369.06	0.0604
369.66	0.05919
370.26	0.058001
370.86	0.056831
371.46	0.055681
372.06	0.054551
372.66	0.05344
373.26	0.052348
373.86	0.051275
374.46	0.050221
375.06	0.049185
375.66	0.048167
376.26	0.047167
376.86	0.046184
377.46	0.045219
378.06	0.044271
378.66	0.04334
379.26	0.042425
379.86	0.041527
380.46	0.040646
