LECROYWRHRO66Zi,58279,Waveform
Segments,1,SegmentSize,1002
Segment,TrigTime,TimeSinceSegment1
#1,25-Sep-2013 15:24:57,0                 
Time,Ampl
-6.00222e-005,0.00946456
-5.98222e-005,0.00866492
-5.96222e-005,0.00746546
-5.94222e-005,0.0102642
-5.92222e-005,0.010664
-5.90222e-005,0.00906474
-5.88222e-005,0.00466671
-5.86222e-005,0.0110638
-5.84222e-005,0.0110638
-5.82222e-005,0.00906474
-5.80222e-005,0.00786528
-5.78222e-005,0.0102642
-5.76222e-005,0.0082651
-5.74222e-005,0.010664
-5.72222e-005,0.0102642
-5.70222e-005,0.00866492
-5.68222e-005,0.00906474
-5.66222e-005,0.0110638
-5.64222e-005,0.00746546
-5.62222e-005,0.00946456
-5.60222e-005,0.00946456
-5.58222e-005,0.0126631
-5.56222e-005,0.0122633
-5.54222e-005,0.0110638
-5.52222e-005,0.0126631
-5.50222e-005,0.0130629
-5.48222e-005,0.0142624
-5.46222e-005,0.0134628
-5.44222e-005,0.0122633
-5.42222e-005,0.0134628
-5.40222e-005,0.0122633
-5.38222e-005,0.0126631
-5.36222e-005,0.0134628
-5.34222e-005,0.0114637
-5.32222e-005,0.0122633
-5.30222e-005,0.0126631
-5.28222e-005,0.0134628
-5.26222e-005,0.0138626
-5.24222e-005,0.0134628
-5.22222e-005,0.0130629
-5.20222e-005,0.0150621
-5.18222e-005,0.0138626
-5.16222e-005,0.0110638
-5.14222e-005,0.0130629
-5.12222e-005,0.0150621
-5.10222e-005,0.0142624
-5.08222e-005,0.0154619
-5.06222e-005,0.0142624
-5.04222e-005,0.0162615
-5.02222e-005,0.0146622
-5.00222e-005,0.0146622
-4.98222e-005,0.0170612
-4.96222e-005,0.0114637
-4.94222e-005,0.0110638
-4.92222e-005,0.0122633
-4.90222e-005,0.0138626
-4.88222e-005,0.0178608
-4.86222e-005,0.0150621
-4.84222e-005,0.0182606
-4.82222e-005,0.0134628
-4.80222e-005,0.0170612
-4.78222e-005,0.0146622
-4.76222e-005,0.0118635
-4.74222e-005,0.0154619
-4.72222e-005,0.0150621
-4.70222e-005,0.0170612
-4.68222e-005,0.0170612
-4.66222e-005,0.0162615
-4.64222e-005,0.0162615
-4.62222e-005,0.0150621
-4.60222e-005,0.0166613
-4.58222e-005,0.0170612
-4.56222e-005,0.017461
-4.54222e-005,0.0210594
-4.52222e-005,0.0130629
-4.50222e-005,0.0150621
-4.48222e-005,0.0154619
-4.46222e-005,0.0182606
-4.44222e-005,0.0178608
-4.42222e-005,0.0158617
-4.40222e-005,0.0186604
-4.38222e-005,0.0134628
-4.36222e-005,0.0170612
-4.34222e-005,0.0150621
-4.32222e-005,0.0138626
-4.30222e-005,0.0146622
-4.28222e-005,0.0158617
-4.26222e-005,0.0158617
-4.24222e-005,0.0162615
-4.22222e-005,0.0138626
-4.20222e-005,0.0158617
-4.18222e-005,0.0122633
-4.16222e-005,0.0146622
-4.14222e-005,0.0110638
-4.12222e-005,0.0122633
-4.10222e-005,0.0110638
-4.08222e-005,0.0122633
-4.06222e-005,0.0126631
-4.04222e-005,0.0118635
-4.02222e-005,0.00946456
-4.00222e-005,0.0118635
-3.98222e-005,0.0110638
-3.96222e-005,0.00786528
-3.94222e-005,0.0122633
-3.92222e-005,0.00786528
-3.90222e-005,0.00786528
-3.88222e-005,0.00626599
-3.86222e-005,0.010664
-3.84222e-005,0.00986438
-3.82222e-005,0.00706563
-3.80222e-005,0.0082651
-3.78222e-005,0.00706563
-3.76222e-005,0.00786528
-3.74222e-005,0.00386707
-3.72222e-005,0.00546635
-3.70222e-005,0.00666581
-3.68222e-005,0.00626599
-3.66222e-005,0.00746546
-3.64222e-005,0.00466671
-3.62222e-005,0.00746546
-3.60222e-005,0.00586617
-3.58222e-005,0.00546635
-3.56222e-005,0.00546635
-3.54222e-005,0.00666581
-3.52222e-005,0.00346725
-3.50222e-005,0.00426689
-3.48222e-005,0.00466671
-3.46222e-005,-0.000930783
-3.44222e-005,0.00386707
-3.42222e-005,-0.00292989
-3.40222e-005,0.00306743
-3.38222e-005,-0.0013306
-3.36222e-005,-0.0013306
-3.34222e-005,0.000668501
-3.32222e-005,0.00026868
-3.30222e-005,0.00306743
-3.28222e-005,-0.000930783
-3.26222e-005,-0.000131141
-3.24222e-005,-0.00332971
-3.22222e-005,-0.000530962
-3.20222e-005,0.00386707
-3.18222e-005,0.00026868
-3.16222e-005,0.00146814
-3.14222e-005,-0.000131141
-3.12222e-005,-0.000131141
-3.10222e-005,0.00146814
-3.08222e-005,-0.0013306
-3.06222e-005,-0.00452917
-3.04222e-005,0.0026676
-3.02222e-005,-0.00173042
-3.00222e-005,-0.000131141
-2.98222e-005,-0.00332971
-2.96222e-005,0.000668501
-2.94222e-005,0.00026868
-2.92222e-005,-0.00253007
-2.90222e-005,-0.00173042
-2.88222e-005,-0.00412935
-2.86222e-005,-0.00292989
-2.84222e-005,-0.000131141
-2.82222e-005,-0.0013306
-2.80222e-005,-0.00253007
-2.78222e-005,-0.000930783
-2.76222e-005,-0.00372953
-2.74222e-005,-0.00532881
-2.72222e-005,-0.000930783
-2.70222e-005,-0.000530962
-2.68222e-005,-0.00173042
-2.66222e-005,-0.00213025
-2.64222e-005,-0.000131141
-2.62222e-005,-0.000131141
-2.60222e-005,-0.000530962
-2.58222e-005,0.00346725
-2.56222e-005,0.0026676
-2.54222e-005,-0.000530962
-2.52222e-005,0.00186796
-2.50222e-005,0.0026676
-2.48222e-005,0.00426689
-2.46222e-005,0.00386707
-2.44222e-005,0.00226778
-2.42222e-005,0.00346725
-2.40222e-005,0.00146814
-2.38222e-005,0.00346725
-2.36222e-005,0.00426689
-2.34222e-005,0.00626599
-2.32222e-005,0.0026676
-2.30222e-005,0.00786528
-2.28222e-005,0.00186796
-2.26222e-005,0.00626599
-2.24222e-005,0.0026676
-2.22222e-005,0.00626599
-2.20222e-005,0.00426689
-2.18222e-005,0.00386707
-2.16222e-005,0.00586617
-2.14222e-005,0.00506653
-2.12222e-005,0.0082651
-2.10222e-005,0.00986438
-2.08222e-005,0.00866492
-2.06222e-005,0.00586617
-2.04222e-005,0.00466671
-2.02222e-005,0.00786528
-2.00222e-005,0.00666581
-1.98222e-005,0.0102642
-1.96222e-005,0.0082651
-1.94222e-005,0.00866492
-1.92222e-005,0.00786528
-1.90222e-005,0.0114637
-1.88222e-005,0.00946456
-1.86222e-005,0.0126631
-1.84222e-005,0.00946456
-1.82222e-005,0.00866492
-1.80222e-005,0.0126631
-1.78222e-005,0.0126631
-1.76222e-005,0.0126631
-1.74222e-005,0.010664
-1.72222e-005,0.0110638
-1.70222e-005,0.0118635
-1.68222e-005,0.010664
-1.66222e-005,0.0110638
-1.64222e-005,0.00986438
-1.62222e-005,0.0082651
-1.60222e-005,0.0122633
-1.58222e-005,0.00946456
-1.56222e-005,0.0122633
-1.54222e-005,0.0110638
-1.52222e-005,0.0102642
-1.50222e-005,0.0110638
-1.48222e-005,0.00986438
-1.46222e-005,0.0122633
-1.44222e-005,0.0114637
-1.42222e-005,0.0130629
-1.40222e-005,0.0130629
-1.38222e-005,0.0142624
-1.36222e-005,0.0130629
-1.34222e-005,0.0138626
-1.32222e-005,0.0134628
-1.30222e-005,0.010664
-1.28222e-005,0.0130629
-1.26222e-005,0.0150621
-1.24222e-005,0.0122633
-1.22222e-005,0.0114637
-1.20222e-005,0.010664
-1.18222e-005,0.0114637
-1.16222e-005,0.0122633
-1.14222e-005,0.0150621
-1.12222e-005,0.0110638
-1.10222e-005,0.0146622
-1.08222e-005,0.0110638
-1.06222e-005,0.0142624
-1.04222e-005,0.010664
-1.02222e-005,0.0162615
-1.00222e-005,0.0114637
-9.82222e-006,0.0122633
-9.62222e-006,0.0154619
-9.42222e-006,0.00866492
-9.22222e-006,0.0126631
-9.02222e-006,0.010664
-8.82222e-006,0.0122633
-8.62222e-006,0.0122633
-8.42222e-006,0.0114637
-8.22222e-006,0.0142624
-8.02222e-006,0.0114637
-7.82222e-006,0.00946456
-7.62222e-006,0.00946456
-7.42222e-006,0.0114637
-7.22222e-006,0.0130629
-7.02222e-006,0.0114637
-6.82222e-006,0.00946456
-6.62222e-006,0.00586617
-6.42222e-006,0.0122633
-6.22222e-006,0.0102642
-6.02222e-006,0.0122633
-5.82222e-006,0.0110638
-5.62222e-006,0.0114637
-5.42222e-006,0.0102642
-5.22222e-006,0.0110638
-5.02222e-006,0.0118635
-4.82222e-006,0.00946456
-4.62222e-006,0.010664
-4.42222e-006,0.0126631
-4.22222e-006,0.0130629
-4.02222e-006,0.0134628
-3.82222e-006,0.0138626
-3.62222e-006,0.0102642
-3.42222e-006,0.0122633
-3.22222e-006,0.0138626
-3.02222e-006,0.0182606
-2.82222e-006,0.017461
-2.62222e-006,0.0182606
-2.42222e-006,0.0182606
-2.22222e-006,0.0190603
-2.02222e-006,0.0242579
-1.82222e-006,0.0226586
-1.62222e-006,0.0266569
-1.42222e-006,0.0294556
-1.22222e-006,0.028656
-1.02222e-006,0.0370522
-8.2222e-007,0.0350531
-6.2222e-007,0.0394511
-4.2222e-007,0.0394511
-2.2222e-007,0.0422499
-2.22202e-008,0.0494466
1.7778e-007,0.0518456
3.7778e-007,0.0542445
5.7778e-007,0.0614413
7.7778e-007,0.06424
9.7778e-007,0.0694377
1.17778e-006,0.0734359
1.37778e-006,0.0802329
1.57778e-006,0.0874296
1.77778e-006,0.0946264
1.97778e-006,0.0986246
2.17778e-006,0.103422
2.37778e-006,0.111019
2.57778e-006,0.118216
2.77778e-006,0.127412
2.97778e-006,0.135008
3.17778e-006,0.140606
3.37778e-006,0.150202
3.57778e-006,0.158198
3.77778e-006,0.164995
3.97778e-006,0.171392
4.17778e-006,0.182987
4.37778e-006,0.192583
4.57778e-006,0.200579
4.77778e-006,0.207776
4.97778e-006,0.213773
5.17778e-006,0.224968
5.37778e-006,0.238562
5.57778e-006,0.247758
5.77778e-006,0.254155
5.97778e-006,0.270148
6.17778e-006,0.279344
6.37778e-006,0.290938
6.57778e-006,0.298535
6.77778e-006,0.31013
6.97778e-006,0.322924
7.17778e-006,0.334919
7.37778e-006,0.345314
7.57778e-006,0.355709
7.77778e-006,0.370503
7.97778e-006,0.381698
8.17778e-006,0.392093
8.37778e-006,0.402888
8.57778e-006,0.413683
8.77778e-006,0.426878
8.97778e-006,0.441271
9.17778e-006,0.449268
9.37778e-006,0.462062
9.57778e-006,0.473257
9.77778e-006,0.487251
9.97778e-006,0.497646
1.01778e-005,0.508441
1.03778e-005,0.518437
1.05778e-005,0.53323
1.07778e-005,0.544425
1.09778e-005,0.552021
1.11778e-005,0.569214
1.13778e-005,0.579209
1.15778e-005,0.590004
1.17778e-005,0.598801
1.19778e-005,0.613194
1.21778e-005,0.62159
1.23778e-005,0.633985
1.25778e-005,0.643181
1.27778e-005,0.651977
1.29778e-005,0.665171
1.31778e-005,0.675166
1.33778e-005,0.679964
1.35778e-005,0.690759
1.37778e-005,0.701555
1.39778e-005,0.709551
1.41778e-005,0.722345
1.43778e-005,0.730342
1.45778e-005,0.741137
1.47778e-005,0.745935
1.49778e-005,0.75593
1.51778e-005,0.766725
1.53778e-005,0.775521
1.55778e-005,0.77872
1.57778e-005,0.786317
1.59778e-005,0.795912
1.61778e-005,0.795912
1.63778e-005,0.805508
1.65778e-005,0.812305
1.67778e-005,0.819901
1.69778e-005,0.8239
1.71778e-005,0.832296
1.73778e-005,0.839493
1.75778e-005,0.841492
1.77778e-005,0.844291
1.79778e-005,0.848289
1.81778e-005,0.853886
1.83778e-005,0.859084
1.85778e-005,0.861883
1.87778e-005,0.863082
1.89778e-005,0.869079
1.91778e-005,0.869479
1.93778e-005,0.874677
1.95778e-005,0.879075
1.97778e-005,0.877476
1.99778e-005,0.878675
2.01778e-005,0.879075
2.03778e-005,0.883873
2.05778e-005,0.882274
2.07778e-005,0.888271
2.09778e-005,0.883473
2.11778e-005,0.882673
2.13778e-005,0.885872
2.15778e-005,0.887471
2.17778e-005,0.885872
2.19778e-005,0.883873
2.21778e-005,0.879875
2.23778e-005,0.879475
2.25778e-005,0.875477
2.27778e-005,0.877476
2.29778e-005,0.873477
2.31778e-005,0.871878
2.33778e-005,0.86748
2.35778e-005,0.86708
2.37778e-005,0.861083
2.39778e-005,0.861883
2.41778e-005,0.857085
2.43778e-005,0.853486
2.45778e-005,0.848689
2.47778e-005,0.847089
2.49778e-005,0.842691
2.51778e-005,0.838693
2.53778e-005,0.832296
2.55778e-005,0.828698
2.57778e-005,0.824699
2.59778e-005,0.818302
2.61778e-005,0.812705
2.63778e-005,0.810306
2.65778e-005,0.803509
2.67778e-005,0.797512
2.69778e-005,0.791114
2.71778e-005,0.783118
2.73778e-005,0.780719
2.75778e-005,0.774322
2.77778e-005,0.766325
2.79778e-005,0.759129
2.81778e-005,0.757929
2.83778e-005,0.747534
2.85778e-005,0.737538
2.87778e-005,0.73314
2.89778e-005,0.727943
2.91778e-005,0.716348
2.93778e-005,0.708351
2.95778e-005,0.703953
2.97778e-005,0.696757
2.99778e-005,0.687561
3.01778e-005,0.682363
3.03778e-005,0.674367
3.05778e-005,0.66757
3.07778e-005,0.659573
3.09778e-005,0.652377
3.11778e-005,0.640782
3.13778e-005,0.635184
3.15778e-005,0.625589
3.17778e-005,0.617592
3.19778e-005,0.610395
3.21778e-005,0.601199
3.23778e-005,0.592403
3.25778e-005,0.586406
3.27778e-005,0.57721
3.29778e-005,0.570013
3.31778e-005,0.558818
3.33778e-005,0.553221
3.35778e-005,0.543225
3.37778e-005,0.536428
3.39778e-005,0.526033
3.41778e-005,0.518437
3.43778e-005,0.51164
3.45778e-005,0.501244
3.47778e-005,0.495647
3.49778e-005,0.486051
3.51778e-005,0.480054
3.53778e-005,0.468459
3.55778e-005,0.462462
3.57778e-005,0.454865
3.59778e-005,0.44407
3.61778e-005,0.434874
3.63778e-005,0.427277
3.65778e-005,0.422879
3.67778e-005,0.410085
3.69778e-005,0.407286
3.71778e-005,0.396491
3.73778e-005,0.386496
3.75778e-005,0.382098
3.77778e-005,0.373302
3.79778e-005,0.364106
3.81778e-005,0.359308
3.83778e-005,0.349312
3.85778e-005,0.337318
3.87778e-005,0.335319
3.89778e-005,0.327722
3.91778e-005,0.317327
3.93778e-005,0.31013
3.95778e-005,0.302533
3.97778e-005,0.297336
3.99778e-005,0.288939
4.01778e-005,0.281743
4.03778e-005,0.277744
4.05778e-005,0.268149
4.07778e-005,0.259752
4.09778e-005,0.252156
4.11778e-005,0.247758
4.13778e-005,0.240961
4.15778e-005,0.234964
4.17778e-005,0.228167
4.19778e-005,0.219371
4.21778e-005,0.214972
4.23778e-005,0.207776
4.25778e-005,0.200979
4.27778e-005,0.193782
4.29778e-005,0.192982
4.31778e-005,0.180988
4.33778e-005,0.173391
4.35778e-005,0.168593
4.37778e-005,0.160597
4.39778e-005,0.161396
4.41778e-005,0.151801
4.43778e-005,0.143405
4.45778e-005,0.138607
4.47778e-005,0.134608
4.49778e-005,0.129811
4.51778e-005,0.125013
4.53778e-005,0.115017
4.55778e-005,0.110219
4.57778e-005,0.107421
4.59778e-005,0.101024
4.61778e-005,0.0970253
4.63778e-005,0.0922275
4.65778e-005,0.0858303
4.67778e-005,0.079833
4.69778e-005,0.0750352
4.71778e-005,0.0690379
4.73778e-005,0.0686381
4.75778e-005,0.0586425
4.77778e-005,0.0594422
4.79778e-005,0.0538447
4.81778e-005,0.0490468
4.83778e-005,0.0410504
4.85778e-005,0.0358527
4.87778e-005,0.0334538
4.89778e-005,0.0302552
4.91778e-005,0.0234583
4.93778e-005,0.0182606
4.95778e-005,0.0162615
4.97778e-005,0.0142624
4.99778e-005,0.00906474
5.01778e-005,0.00586617
5.03778e-005,0.00346725
5.05778e-005,-0.00492899
5.07778e-005,-0.0069281
5.09778e-005,-0.0133252
5.11778e-005,-0.0125256
5.13778e-005,-0.016124
5.15778e-005,-0.0189227
5.17778e-005,-0.0217215
5.19778e-005,-0.0269191
5.21778e-005,-0.0321168
5.23778e-005,-0.0333163
5.25778e-005,-0.0381141
5.27778e-005,-0.0365148
5.29778e-005,-0.0413127
5.31778e-005,-0.0457107
5.33778e-005,-0.0469102
5.35778e-005,-0.0489093
5.37778e-005,-0.0521079
5.39778e-005,-0.0513082
5.41778e-005,-0.0561061
5.43778e-005,-0.0625032
5.45778e-005,-0.0609039
5.47778e-005,-0.0653019
5.49778e-005,-0.0669012
5.51778e-005,-0.0700998
5.53778e-005,-0.0744978
5.55778e-005,-0.0736982
5.57778e-005,-0.0764969
5.59778e-005,-0.0764969
5.61778e-005,-0.080895
5.63778e-005,-0.0840935
5.65778e-005,-0.0860926
5.67778e-005,-0.0892912
5.69778e-005,-0.0876919
5.71778e-005,-0.0932894
5.73778e-005,-0.0908905
5.75778e-005,-0.0956883
5.77778e-005,-0.0948887
5.79778e-005,-0.0980873
5.81778e-005,-0.0988869
5.83778e-005,-0.101686
5.85778e-005,-0.104884
5.87778e-005,-0.101686
5.89778e-005,-0.104484
5.91778e-005,-0.106084
5.93778e-005,-0.106084
5.95778e-005,-0.106483
5.97778e-005,-0.111681
5.99778e-005,-0.110482
6.01778e-005,-0.111681
6.03778e-005,-0.117279
6.05778e-005,-0.115679
6.07778e-005,-0.11448
6.09778e-005,-0.122077
6.11778e-005,-0.120877
6.13778e-005,-0.122077
6.15778e-005,-0.120477
6.17778e-005,-0.124475
6.19778e-005,-0.122876
6.21778e-005,-0.124475
6.23778e-005,-0.127674
6.25778e-005,-0.128474
6.27778e-005,-0.127274
6.29778e-005,-0.126075
6.31778e-005,-0.130473
6.33778e-005,-0.127674
6.35778e-005,-0.131672
6.37778e-005,-0.131272
6.39778e-005,-0.130073
6.41778e-005,-0.13607
6.43778e-005,-0.133271
6.45778e-005,-0.13727
6.47778e-005,-0.142467
6.49778e-005,-0.13687
6.51778e-005,-0.138869
6.53778e-005,-0.13687
6.55778e-005,-0.13727
6.57778e-005,-0.134871
6.59778e-005,-0.142867
6.61778e-005,-0.142867
6.63778e-005,-0.141668
6.65778e-005,-0.145266
6.67778e-005,-0.140868
6.69778e-005,-0.144466
6.71778e-005,-0.146466
6.73778e-005,-0.142867
6.75778e-005,-0.144466
6.77778e-005,-0.148465
6.79778e-005,-0.145266
6.81778e-005,-0.146466
6.83778e-005,-0.149264
6.85778e-005,-0.148465
6.87778e-005,-0.150464
6.89778e-005,-0.146066
6.91778e-005,-0.152063
6.93778e-005,-0.152863
6.95778e-005,-0.151263
6.97778e-005,-0.146466
6.99778e-005,-0.152463
7.01778e-005,-0.154062
7.03778e-005,-0.154062
7.05778e-005,-0.152463
7.07778e-005,-0.154062
7.09778e-005,-0.150864
7.11778e-005,-0.152863
7.13778e-005,-0.155661
7.15778e-005,-0.156461
7.17778e-005,-0.153662
7.19778e-005,-0.156861
7.21778e-005,-0.15966
7.23778e-005,-0.15806
7.25778e-005,-0.15886
7.27778e-005,-0.15966
7.29778e-005,-0.15846
7.31778e-005,-0.161259
7.33778e-005,-0.161659
7.35778e-005,-0.160459
7.37778e-005,-0.156861
7.39778e-005,-0.162059
7.41778e-005,-0.160459
7.43778e-005,-0.162458
7.45778e-005,-0.15926
7.47778e-005,-0.162458
7.49778e-005,-0.162059
7.51778e-005,-0.165657
7.53778e-005,-0.161659
7.55778e-005,-0.166057
7.57778e-005,-0.162858
7.59778e-005,-0.165657
7.61778e-005,-0.166856
7.63778e-005,-0.165257
7.65778e-005,-0.163658
7.67778e-005,-0.168456
7.69778e-005,-0.167256
7.71778e-005,-0.168056
7.73778e-005,-0.168856
7.75778e-005,-0.168056
7.77778e-005,-0.169255
7.79778e-005,-0.169255
7.81778e-005,-0.169255
7.83778e-005,-0.172454
7.85778e-005,-0.171654
7.87778e-005,-0.171654
7.89778e-005,-0.168856
7.91778e-005,-0.174053
7.93778e-005,-0.173254
7.95778e-005,-0.170455
7.97778e-005,-0.174053
7.99778e-005,-0.172454
8.01778e-005,-0.172854
8.03778e-005,-0.171254
8.05778e-005,-0.172054
8.07778e-005,-0.172454
8.09778e-005,-0.173653
8.11778e-005,-0.169255
8.13778e-005,-0.172854
8.15778e-005,-0.173653
8.17778e-005,-0.176452
8.19778e-005,-0.173653
8.21778e-005,-0.175653
8.23778e-005,-0.172454
8.25778e-005,-0.173254
8.27778e-005,-0.173254
8.29778e-005,-0.175253
8.31778e-005,-0.175653
8.33778e-005,-0.172454
8.35778e-005,-0.173653
8.37778e-005,-0.174853
8.39778e-005,-0.176452
8.41778e-005,-0.172454
8.43778e-005,-0.175653
8.45778e-005,-0.172854
8.47778e-005,-0.175653
8.49778e-005,-0.172054
8.51778e-005,-0.170855
8.53778e-005,-0.174053
8.55778e-005,-0.175253
8.57778e-005,-0.170055
8.59778e-005,-0.174053
8.61778e-005,-0.168856
8.63778e-005,-0.172854
8.65778e-005,-0.167256
8.67778e-005,-0.174453
8.69778e-005,-0.166457
8.71778e-005,-0.170855
8.73778e-005,-0.169655
8.75778e-005,-0.166457
8.77778e-005,-0.166457
8.79778e-005,-0.168856
8.81778e-005,-0.168856
8.83778e-005,-0.168056
8.85778e-005,-0.166057
8.87778e-005,-0.168056
8.89778e-005,-0.166057
8.91778e-005,-0.164058
8.93778e-005,-0.162458
8.95778e-005,-0.160459
8.97778e-005,-0.162458
8.99778e-005,-0.161259
9.01778e-005,-0.162858
9.03778e-005,-0.162059
9.05778e-005,-0.163258
9.07778e-005,-0.161259
9.09778e-005,-0.161659
9.11778e-005,-0.156061
9.13778e-005,-0.162458
9.15778e-005,-0.161659
9.17778e-005,-0.160459
9.19778e-005,-0.155661
9.21778e-005,-0.162059
9.23778e-005,-0.154462
9.25778e-005,-0.154062
9.27778e-005,-0.15806
9.29778e-005,-0.15806
9.31778e-005,-0.154062
9.33778e-005,-0.153263
9.35778e-005,-0.152063
9.37778e-005,-0.156061
9.39778e-005,-0.150464
9.41778e-005,-0.155661
9.43778e-005,-0.150064
9.45778e-005,-0.152863
9.47778e-005,-0.148865
9.49778e-005,-0.150064
9.51778e-005,-0.150064
9.53778e-005,-0.149664
9.55778e-005,-0.148465
9.57778e-005,-0.147665
9.59778e-005,-0.146865
9.61778e-005,-0.144067
9.63778e-005,-0.147265
9.65778e-005,-0.147265
9.67778e-005,-0.144466
9.69778e-005,-0.142467
9.71778e-005,-0.143267
9.73778e-005,-0.144866
9.75778e-005,-0.144466
9.77778e-005,-0.142467
9.79778e-005,-0.142068
9.81778e-005,-0.139669
9.83778e-005,-0.138869
9.85778e-005,-0.138069
9.87778e-005,-0.141268
9.89778e-005,-0.140468
9.91778e-005,-0.13767
9.93778e-005,-0.13687
9.95778e-005,-0.13607
9.97778e-005,-0.13687
9.99778e-005,-0.13767
0.000100178,-0.134871
0.000100378,-0.135271
0.000100578,-0.133271
0.000100778,-0.13647
0.000100978,-0.131272
0.000101178,-0.13607
0.000101378,-0.13727
0.000101578,-0.130473
0.000101778,-0.134071
0.000101978,-0.129273
0.000102178,-0.131672
0.000102378,-0.131672
0.000102578,-0.130873
0.000102778,-0.130473
0.000102978,-0.131672
0.000103178,-0.129673
0.000103378,-0.130073
0.000103578,-0.128474
0.000103778,-0.129273
0.000103978,-0.127674
0.000104178,-0.127674
0.000104378,-0.128873
0.000104578,-0.126075
0.000104778,-0.126475
0.000104978,-0.126475
0.000105178,-0.126075
0.000105378,-0.124076
0.000105578,-0.123276
0.000105778,-0.124475
0.000105978,-0.124875
0.000106178,-0.122476
0.000106378,-0.126475
0.000106578,-0.123276
0.000106778,-0.123276
0.000106978,-0.124875
0.000107178,-0.123276
0.000107378,-0.121677
0.000107578,-0.124475
0.000107778,-0.123676
0.000107978,-0.122876
0.000108178,-0.119278
0.000108378,-0.118478
0.000108578,-0.122077
0.000108778,-0.120477
0.000108978,-0.119278
0.000109178,-0.119678
0.000109378,-0.119278
0.000109578,-0.118478
0.000109778,-0.118478
0.000109978,-0.117279
0.000110178,-0.120077
0.000110378,-0.116079
0.000110578,-0.115679
0.000110778,-0.116479
0.000110978,-0.117678
0.000111178,-0.116479
0.000111378,-0.11528
0.000111578,-0.116079
0.000111778,-0.115679
0.000111978,-0.112881
0.000112178,-0.112081
0.000112378,-0.112481
0.000112578,-0.112881
0.000112778,-0.111281
0.000112978,-0.11328
0.000113178,-0.111281
0.000113378,-0.108483
0.000113578,-0.110082
0.000113778,-0.109682
0.000113978,-0.110882
0.000114178,-0.108882
0.000114378,-0.105684
0.000114578,-0.108083
0.000114778,-0.105284
0.000114978,-0.103285
0.000115178,-0.105684
0.000115378,-0.104884
0.000115578,-0.102885
0.000115778,-0.101686
0.000115978,-0.104884
0.000116178,-0.102085
0.000116378,-0.103285
0.000116578,-0.0996865
0.000116778,-0.100086
0.000116978,-0.100486
0.000117178,-0.0992867
0.000117378,-0.0980873
0.000117578,-0.0980873
0.000117778,-0.0952885
0.000117978,-0.0980873
0.000118178,-0.096488
0.000118378,-0.096488
0.000118578,-0.0980873
0.000118778,-0.0948887
0.000118978,-0.0972876
0.000119178,-0.0936892
0.000119378,-0.0928896
0.000119578,-0.0928896
0.000119778,-0.0952885
0.000119978,-0.0924898
0.000120178,-0.0908905
0.000120378,-0.0920899
0.000120578,-0.0920899
0.000120778,-0.0900908
0.000120978,-0.0908905
0.000121178,-0.0844933
0.000121378,-0.0868923
0.000121578,-0.0860926
0.000121778,-0.0876919
0.000121978,-0.0904907
0.000122178,-0.0856928
0.000122378,-0.0868923
0.000122578,-0.0876919
0.000122778,-0.0820944
0.000122978,-0.0828941
0.000123178,-0.0844933
0.000123378,-0.0804951
0.000123578,-0.0820944
0.000123778,-0.080895
0.000123978,-0.0792957
0.000124178,-0.0772966
0.000124378,-0.078496
0.000124578,-0.0788959
0.000124778,-0.0800953
0.000124978,-0.0752975
0.000125178,-0.0772966
0.000125378,-0.0760971
0.000125578,-0.0756973
0.000125778,-0.0748976
0.000125978,-0.0732984
0.000126178,-0.0689003
0.000126378,-0.0772966
0.000126578,-0.0708994
0.000126778,-0.0732984
0.000126978,-0.0720989
0.000127178,-0.0661016
0.000127378,-0.0700998
0.000127578,-0.0700998
0.000127778,-0.0712993
0.000127978,-0.0677009
0.000128178,-0.0657018
0.000128378,-0.062903
0.000128578,-0.0649021
0.000128778,-0.0657018
0.000128978,-0.0617036
0.000129178,-0.0605041
0.000129378,-0.0617036
0.000129578,-0.0645023
0.000129778,-0.0645023
0.000129978,-0.0633028
0.000130178,-0.0609039
0.000130378,-0.058505
0.000130578,-0.0609039
0.000130778,-0.0641025
0.000130978,-0.0641025
0.000131178,-0.0569057
0.000131378,-0.0601043
0.000131578,-0.0577053
0.000131778,-0.0565059
0.000131978,-0.0593046
0.000132178,-0.0565059
0.000132378,-0.0577053
0.000132578,-0.0581052
0.000132778,-0.058505
0.000132978,-0.0573055
0.000133178,-0.0589048
0.000133378,-0.0577053
0.000133578,-0.0581052
0.000133778,-0.0577053
0.000133978,-0.0589048
0.000134178,-0.0565059
0.000134378,-0.0609039
0.000134578,-0.0565059
0.000134778,-0.0557062
0.000134978,-0.0529075
0.000135178,-0.0549066
0.000135378,-0.0537071
0.000135578,-0.0545068
0.000135778,-0.0513082
0.000135978,-0.0521079
0.000136178,-0.0545068
0.000136378,-0.0529075
0.000136578,-0.0509084
0.000136778,-0.0565059
0.000136978,-0.0505086
0.000137178,-0.0513082
0.000137378,-0.0521079
0.000137578,-0.0529075
0.000137778,-0.0525077
0.000137978,-0.0497089
0.000138178,-0.0509084
0.000138378,-0.0521079
0.000138578,-0.04731
0.000138778,-0.0477098
0.000138978,-0.0497089
0.000139178,-0.04731
0.000139378,-0.0469102
0.000139578,-0.0465104
0.000139778,-0.04731
0.000139978,-0.0481096
0.000140178,-0.0441114
