-403.00913	0
-398.6757	0
-394.34227	0
-390.00884	0
-385.67541	0
-381.34198	0
-377.00855	0
-372.67511	0
-368.34168	0
-364.00825	0
-359.67482	0
-355.34139	0
-351.00796	0
-346.67452	0
-342.34109	0
-338.00766	0
-333.67423	0
-329.3408	0
-325.00737	0
-320.67394	0
-316.3405	0
-312.00707	0
-307.67364	0
-303.34021	0
-299.00678	0
-294.67335	0
-290.33991	0
-286.00648	0
-281.67305	0
-277.33962	0
-273.00619	0
-268.67276	0
-264.33933	0
-260.00589	0
-255.67246	1
-251.33903	0
-247.0056	0
-242.67217	0
-238.33874	0
-234.0053	0
-229.67187	0
-225.33844	0
-221.00501	0
-216.67158	0
-212.33815	0
-208.00471	0
-203.67128	0
-199.33785	0
-195.00442	0
-190.67099	0
-186.33756	0
-182.00413	0
-177.67069	0
-173.33726	0
-169.00383	0
-164.6704	0
-160.33697	0
-156.00354	0
-151.6701	0
-147.33667	1
-143.00324	0
-138.66981	0
-134.33638	0
-130.00295	0
-125.66952	0
-121.33608	2
-117.00265	2
-112.66922	0
-108.33579	2
-104.00236	2
-99.66893	3
-95.33549	0
-91.00206	2
-86.66863	6
-82.3352	4
-78.00177	5
-73.66834	2
-69.3349	9
-65.00147	6
-60.66804	9
-56.33461	10
-52.00118	16
-47.66775	9
-43.33432	11
-39.00088	17
-34.66745	17
-30.33402	18
-26.00059	25
-21.66716	28
-17.33373	23
-13.00029	24
-8.66686	29
-4.33343	28
-5.59013E-13	22
4.33343	19
8.66686	17
13.00029	30
17.33373	25
21.66716	31
26.00059	29
30.33402	26
34.66745	27
39.00088	21
43.33432	27
47.66775	21
52.00118	20
56.33461	23
60.66804	21
65.00147	31
69.3349	30
73.66834	19
78.00177	29
82.3352	23
86.66863	37
91.00206	30
95.33549	45
99.66893	29
104.00236	26
108.33579	42
112.66922	30
117.00265	24
121.33608	27
125.66952	29
130.00295	31
134.33638	31
138.66981	24
143.00324	28
147.33667	40
151.6701	40
156.00354	34
160.33697	35
164.6704	27
169.00383	33
173.33726	25
177.67069	41
182.00413	23
186.33756	28
190.67099	38
195.00442	41
199.33785	27
203.67128	23
208.00471	35
212.33815	39
216.67158	33
221.00501	19
225.33844	37
229.67187	32
234.0053	35
238.33874	27
242.67217	32
247.0056	37
251.33903	34
255.67246	40
260.00589	27
264.33933	39
268.67276	40
273.00619	35
277.33962	29
281.67305	25
286.00648	32
290.33991	36
294.67335	36
299.00678	36
303.34021	41
307.67364	36
312.00707	43
316.3405	25
320.67394	45
325.00737	31
329.3408	32
333.67423	41
338.00766	40
342.34109	32
346.67452	39
351.00796	40
355.34139	48
359.67482	31
364.00825	36
368.34168	44
372.67511	36
377.00855	37
381.34198	30
385.67541	34
390.00884	37
394.34227	25
398.6757	33
403.00913	42
407.34257	32
411.676	34
416.00943	29
420.34286	27
424.67629	29
429.00972	36
433.34316	33
437.67659	40
442.01002	26
446.34345	28
450.67688	26
455.01031	29
459.34375	33
463.67718	30
468.01061	27
472.34404	32
476.67747	43
481.0109	28
485.34433	22
489.67777	30
494.0112	29
498.34463	38
502.67806	31
507.01149	22
511.34492	29
515.67836	25
520.01179	28
524.34522	30
528.67865	26
533.01208	33
537.34551	34
541.67894	24
546.01238	18
550.34581	26
554.67924	28
559.01267	21
563.3461	27
567.67953	27
572.01297	28
576.3464	24
580.67983	18
585.01326	29
589.34669	24
593.68012	30
598.01355	28
602.34699	24
606.68042	26
611.01385	41
615.34728	25
619.68071	25
624.01414	27
628.34758	19
632.68101	19
637.01444	31
641.34787	24
645.6813	22
650.01473	26
654.34817	29
658.6816	27
663.01503	27
667.34846	22
671.68189	23
676.01532	19
680.34875	20
684.68219	26
689.01562	18
693.34905	33
697.68248	22
702.01591	20
706.34934	18
710.68278	31
715.01621	30
719.34964	23
723.68307	44
728.0165	26
732.34993	36
736.68336	25
741.0168	29
745.35023	34
749.68366	40
754.01709	29
758.35052	30
762.68395	32
767.01739	25
771.35082	26
775.68425	36
780.01768	36
784.35111	40
788.68454	27
793.01798	29
797.35141	29
801.68484	29
806.01827	22
810.3517	25
814.68513	15
819.01856	30
823.352	29
827.68543	26
832.01886	21
836.35229	22
840.68572	18
845.01915	28
849.35259	23
853.68602	23
858.01945	18
862.35288	26
866.68631	19
871.01974	18
875.35317	23
879.68661	26
884.02004	33
888.35347	24
892.6869	23
897.02033	29
901.35376	12
905.6872	20
910.02063	19
914.35406	23
918.68749	20
923.02092	17
927.35435	17
931.68778	20
936.02122	21
940.35465	20
944.68808	15
949.02151	18
953.35494	16
957.68837	23
962.02181	18
966.35524	20
970.68867	17
975.0221	13
979.35553	23
983.68896	17
988.0224	27
992.35583	23
996.68926	20
1001.02269	12
1005.35612	21
1009.68955	19
1014.02298	23
1018.35642	23
1022.68985	14
1027.02328	18
1031.35671	12
1035.69014	16
1040.02357	19
1044.35701	16
1048.69044	14
1053.02387	23
1057.3573	21
1061.69073	19
1066.02416	14
1070.35759	20
1074.69103	19
1079.02446	18
1083.35789	11
1087.69132	18
1092.02475	18
1096.35818	18
1100.69162	18
1105.02505	11
1109.35848	15
1113.69191	17
1118.02534	17
1122.35877	19
1126.69221	16
1131.02564	19
1135.35907	16
1139.6925	16
1144.02593	15
1148.35936	18
1152.69279	15
1157.02623	27
1161.35966	20
1165.69309	17
1170.02652	15
1174.35995	19
1178.69338	12
1183.02682	8
1187.36025	13
1191.69368	18
1196.02711	12
1200.36054	9
1204.69397	23
1209.0274	22
1213.36084	13
1217.69427	6
1222.0277	15
1226.36113	16
1230.69456	14
1235.02799	17
1239.36143	14
1243.69486	19
1248.02829	15
1252.36172	11
1256.69515	14
1261.02858	11
1265.36201	13
1269.69545	17
1274.02888	21
1278.36231	24
1282.69574	10
1287.02917	14
1291.3626	16
1295.69604	18
1300.02947	15
1304.3629	8
1308.69633	12
1313.02976	15
1317.36319	13
1321.69663	18
1326.03006	15
1330.36349	15
1334.69692	14
1339.03035	15
1343.36378	9
1347.69721	12
1352.03065	18
1356.36408	17
1360.69751	12
1365.03094	26
1369.36437	20
1373.6978	18
1378.03124	13
1382.36467	12
1386.6981	9
1391.03153	16
1395.36496	19
1399.69839	11
1404.03182	20
1408.36526	11
1412.69869	6
1417.03212	10
1421.36555	15
1425.69898	13
1430.03241	15
1434.36585	19
1438.69928	10
1443.03271	13
1447.36614	14
1451.69957	9
1456.033	9
1460.36643	9
1464.69987	16
1469.0333	4
1473.36673	13
1477.70016	13
1482.03359	12
1486.36702	15
1490.70046	15
1495.03389	10
1499.36732	14
1503.70075	15
1508.03418	12
1512.36761	13
1516.70105	10
1521.03448	7
1525.36791	11
1529.70134	10
1534.03477	14
1538.3682	15
1542.70163	15
1547.03507	7
1551.3685	11
1555.70193	14
1560.03536	8
1564.36879	17
1568.70222	12
1573.03566	9
1577.36909	13
1581.70252	14
1586.03595	19
1590.36938	11
1594.70281	15
1599.03624	14
1603.36968	16
1607.70311	16
1612.03654	15
1616.36997	15
1620.7034	11
1625.03683	6
1629.37027	16
1633.7037	8
1638.03713	10
1642.37056	17
1646.70399	17
1651.03742	14
1655.37086	12
1659.70429	13
1664.03772	14
1668.37115	6
1672.70458	20
1677.03801	11
1681.37144	12
1685.70488	12
1690.03831	10
1694.37174	12
1698.70517	7
1703.0386	13
1707.37203	9
1711.70547	10
1716.0389	19
1720.37233	15
1724.70576	10
1729.03919	11
1733.37262	14
1737.70605	19
1742.03949	14
1746.37292	13
1750.70635	6
1755.03978	3
1759.37321	5
1763.70664	14
1768.04008	13
1772.37351	10
1776.70694	17
1781.04037	11
1785.3738	14
1789.70723	15
1794.04066	9
1798.3741	11
1802.70753	14
1807.04096	15
1811.37439	13
1815.70782	7
1820.04125	6
1824.37469	8
1828.70812	11
1833.04155	7
1837.37498	14
1841.70841	7
1846.04184	12
1850.37528	10
1854.70871	13
1859.04214	12
1863.37557	17
1867.709	8
1872.04243	11
1876.37586	8
1880.7093	7
1885.04273	9
1889.37616	11
1893.70959	11
1898.04302	14
1902.37645	14
1906.70989	13
1911.04332	12
1915.37675	8
1919.71018	10
1924.04361	15
1928.37704	12
1932.71047	12
1937.04391	9
1941.37734	11
1945.71077	7
1950.0442	10
1954.37763	5
1958.71106	10
1963.0445	15
1967.37793	9
1971.71136	8
1976.04479	11
1980.37822	11
1984.71165	11
1989.04509	10
1993.37852	12
1997.71195	7
2002.04538	9
2006.37881	7
2010.71224	5
2015.04567	13
2019.37911	7
2023.71254	14
2028.04597	6
2032.3794	9
2036.71283	5
2041.04626	11
2045.3797	8
2049.71313	10
2054.04656	11
2058.37999	7
2062.71342	8
2067.04685	4
2071.38028	11
2075.71372	10
2080.04715	10
2084.38058	14
2088.71401	6
2093.04744	11
2097.38087	10
2101.71431	6
2106.04774	10
2110.38117	8
2114.7146	5
2119.04803	9
2123.38146	13
2127.71489	14
2132.04833	10
2136.38176	14
2140.71519	5
2145.04862	12
2149.38205	10
2153.71548	10
2158.04892	12
2162.38235	7
2166.71578	13
2171.04921	9
2175.38264	9
2179.71607	6
2184.04951	9
2188.38294	9
2192.71637	10
2197.0498	13
2201.38323	8
2205.71666	7
2210.05009	4
2214.38353	4
2218.71696	16
2223.05039	10
2227.38382	12
2231.71725	6
2236.05068	10
2240.38412	10
2244.71755	12
2249.05098	14
2253.38441	5
2257.71784	8
2262.05127	11
2266.3847	15
2270.71814	7
2275.05157	6
2279.385	9
2283.71843	7
2288.05186	8
2292.38529	7
2296.71873	9
2301.05216	7
2305.38559	11
2309.71902	5
2314.05245	7
2318.38588	6
2322.71931	9
2327.05275	8
2331.38618	9
2335.71961	4
2340.05304	8
2344.38647	7
2348.7199	9
2353.05334	13
2357.38677	7
2361.7202	5
2366.05363	4
2370.38706	4
2374.72049	3
2379.05393	5
2383.38736	11
2387.72079	6
2392.05422	11
2396.38765	3
2400.72108	7
2405.05451	7
2409.38795	7
2413.72138	7
2418.05481	10
2422.38824	9
2426.72167	4
2431.0551	8
2435.38854	5
2439.72197	6
2444.0554	8
2448.38883	8
2452.72226	6
2457.05569	7
2461.38912	9
2465.72256	5
2470.05599	11
2474.38942	9
2478.72285	12
2483.05628	9
2487.38971	10
2491.72315	9
2496.05658	7
2500.39001	2
2504.72344	5
2509.05687	9
2513.3903	7
2517.72374	18
2522.05717	9
2526.3906	5
2530.72403	7
2535.05746	12
2539.39089	7
2543.72432	3
2548.05776	12
2552.39119	9
2556.72462	7
2561.05805	10
2565.39148	9
2569.72491	8
2574.05835	11
2578.39178	7
2582.72521	8
2587.05864	6
2591.39207	8
2595.7255	6
2600.05893	13
2604.39237	5
2608.7258	3
2613.05923	6
2617.39266	10
2621.72609	7
2626.05952	6
2630.39296	9
2634.72639	4
2639.05982	11
2643.39325	10
2647.72668	6
2652.06011	5
2656.39354	7
2660.72698	7
2665.06041	6
2669.39384	9
2673.72727	1
2678.0607	4
2682.39413	2
2686.72757	4
2691.061	8
2695.39443	4
2699.72786	10
2704.06129	5
2708.39472	7
2712.72816	3
2717.06159	5
2721.39502	10
2725.72845	6
2730.06188	10
2734.39531	7
2738.72874	5
2743.06218	8
2747.39561	12
2751.72904	8
2756.06247	8
2760.3959	8
2764.72933	6
2769.06277	6
2773.3962	6
2777.72963	4
2782.06306	8
2786.39649	3
2790.72992	5
2795.06335	7
2799.39679	9
2803.73022	5
2808.06365	5
2812.39708	5
2816.73051	5
2821.06394	5
2825.39738	3
2829.73081	3
2834.06424	10
2838.39767	4
2842.7311	6
2847.06453	5
2851.39797	7
2855.7314	11
2860.06483	4
2864.39826	10
2868.73169	4
2873.06512	5
2877.39855	4
2881.73199	6
2886.06542	3
2890.39885	5
2894.73228	5
2899.06571	8
2903.39914	7
2907.73258	12
2912.06601	4
2916.39944	6
2920.73287	4
2925.0663	8
2929.39973	4
2933.73316	2
2938.0666	11
2942.40003	5
2946.73346	5
2951.06689	5
2955.40032	6
2959.73375	4
2964.06719	13
2968.40062	7
2972.73405	3
2977.06748	4
2981.40091	4
2985.73434	4
2990.06777	6
2994.40121	6
2998.73464	4
3003.06807	6
3007.4015	8
3011.73493	2
3016.06836	9
3020.4018	10
3024.73523	3
3029.06866	2
3033.40209	5
3037.73552	5
3042.06895	6
3046.40239	8
3050.73582	6
3055.06925	4
3059.40268	7
3063.73611	3
3068.06954	2
3072.40297	6
3076.73641	7
3081.06984	3
3085.40327	7
3089.7367	11
3094.07013	5
3098.40356	5
3102.737	6
3107.07043	5
3111.40386	5
3115.73729	2
3120.07072	6
3124.40415	9
3128.73758	2
3133.07102	6
3137.40445	5
3141.73788	4
3146.07131	6
3150.40474	3
3154.73817	5
3159.07161	5
3163.40504	3
3167.73847	4
3172.0719	5
3176.40533	5
3180.73876	8
3185.07219	8
3189.40563	9
3193.73906	6
3198.07249	4
3202.40592	5
3206.73935	5
3211.07278	8
3215.40622	5
3219.73965	3
3224.07308	12
3228.40651	3
3232.73994	4
3237.07337	7
3241.40681	5
3245.74024	7
3250.07367	9
3254.4071	2
3258.74053	5
3263.07396	5
3267.40739	3
3271.74083	5
3276.07426	7
3280.40769	3
3284.74112	7
3289.07455	9
3293.40798	2
3297.74142	4
3302.07485	6
3306.40828	5
3310.74171	3
3315.07514	6
3319.40857	3
3323.742	5
3328.07544	7
3332.40887	5
3336.7423	10
3341.07573	6
3345.40916	3
3349.74259	5
3354.07603	4
3358.40946	3
3362.74289	5
3367.07632	0
3371.40975	7
3375.74318	2
3380.07662	6
3384.41005	3
3388.74348	4
3393.07691	3
3397.41034	4
3401.74377	4
3406.0772	7
3410.41064	1
3414.74407	8
3419.0775	3
3423.41093	6
3427.74436	2
3432.07779	4
3436.41123	6
3440.74466	6
3445.07809	8
3449.41152	4
3453.74495	3
3458.07838	3
3462.41181	7
3466.74525	10
3471.07868	2
3475.41211	2
3479.74554	7
3484.07897	3
3488.4124	3
3492.74584	2
3497.07927	5
3501.4127	7
3505.74613	5
3510.07956	2
3514.41299	4
3518.74642	3
3523.07986	6
3527.41329	7
3531.74672	5
3536.08015	5
3540.41358	9
3544.74701	3
3549.08045	8
3553.41388	4
3557.74731	5
3562.08074	9
3566.41417	6
3570.7476	4
3575.08104	6
3579.41447	7
3583.7479	2
3588.08133	5
3592.41476	6
3596.74819	8
3601.08162	4
3605.41506	4
3609.74849	2
3614.08192	7
3618.41535	6
3622.74878	1
3627.08221	8
3631.41565	5
3635.74908	4
3640.08251	5
3644.41594	2
3648.74937	3
3653.0828	2
3657.41623	2
3661.74967	6
3666.0831	3
3670.41653	8
3674.74996	7
3679.08339	5
3683.41682	7
3687.75026	7
3692.08369	3
3696.41712	8
3700.75055	6
3705.08398	2
3709.41741	6
3713.75085	6
3718.08428	6
3722.41771	3
3726.75114	3
3731.08457	0
3735.418	4
3739.75143	8
3744.08487	3
3748.4183	6
3752.75173	6
3757.08516	5
3761.41859	4
3765.75202	5
3770.08546	3
3774.41889	4
3778.75232	4
3783.08575	0
3787.41918	4
3791.75261	4
3796.08604	5
3800.41948	4
3804.75291	3
3809.08634	4
3813.41977	4
3817.7532	3
3822.08663	4
3826.42007	3
3830.7535	5
3835.08693	4
3839.42036	7
3843.75379	3
3848.08722	5
3852.42065	1
3856.75409	6
3861.08752	1
3865.42095	5
3869.75438	3
3874.08781	4
3878.42124	1
3882.75468	2
3887.08811	2
3891.42154	5
3895.75497	1