0	0	0.014848
0.005	0.031728	0.068003
0.01	0.063456	0.11282
0.015	0.095185	0.16195
0.02	0.12691	0.20944
0.025	0.15864	0.25548
0.03	0.19037	0.30121
0.035	0.2221	0.34621
0.04	0.25383	0.39066
0.045	0.28555	0.43448
0.05	0.31728	0.47761
0.055	0.35117	0.51996
0.06	0.38505	0.5614
0.065	0.41893	0.6018
0.07	0.45282	0.64103
0.075	0.4867	0.67898
0.08	0.52058	0.71553
0.085	0.55447	0.7506
0.09	0.58835	0.78409
0.095	0.62224	0.81594
0.1	0.65612	0.84609
0.105	0.69	0.87447
0.11	0.72389	0.90103
0.115	0.75777	0.92574
0.12	0.79165	0.94858
0.125	0.82554	0.96953
0.13	0.85942	0.98859
0.135	0.89331	1.0058
0.14	0.92719	1.0211
0.145	0.96107	1.0346
0.15	0.99496	1.0464
0.155	1.0031	1.0564
0.16	1.0112	1.0648
0.165	1.0193	1.0717
0.17	1.0274	1.077
0.175	1.0355	1.0809
0.18	1.0436	1.0835
0.185	1.0518	1.0849
0.19	1.0599	1.085
0.195	1.068	1.0841
0.2	1.0761	1.0822
0.205	1.0842	1.0793
0.21	1.0923	1.0755
0.215	1.1005	1.0709
0.22	1.1086	1.0656
0.225	1.1167	1.0595
0.23	1.1248	1.0528
0.235	1.1329	1.0454
0.24	1.141	1.0375
0.245	1.1491	1.0291
0.25	1.1573	1.0202
0.255	1.1403	1.0109
0.26	1.1232	1.0012
0.265	1.1062	0.99111
0.27	1.0892	0.9807
0.275	1.0722	0.96999
0.28	1.0552	0.95903
0.285	1.0382	0.94785
0.29	1.0212	0.93648
0.295	1.0042	0.92496
0.3	0.98717	0.9133
0.305	0.97016	0.90155
0.31	0.95315	0.88973
0.315	0.93614	0.87787
0.32	0.91913	0.866
0.325	0.90213	0.85413
0.33	0.88512	0.8423
0.335	0.86811	0.83051
0.34	0.8511	0.8188
0.345	0.83409	0.80718
0.35	0.81708	0.79566
0.355	0.8062	0.78426
0.36	0.79531	0.773
0.365	0.78443	0.76188
0.37	0.77354	0.75091
0.375	0.76266	0.7401
0.38	0.75177	0.72947
0.385	0.74089	0.71901
0.39	0.73001	0.70873
0.395	0.71912	0.69863
0.4	0.70824	0.68872
0.405	0.69735	0.67899
0.41	0.68647	0.66946
0.415	0.67558	0.66012
0.42	0.6647	0.65096
0.425	0.65381	0.64199
0.43	0.64293	0.63321
0.435	0.63205	0.62461
0.44	0.62116	0.61619
0.445	0.61028	0.60796
0.45	0.59939	0.5999
0.455	0.5928	0.59201
0.46	0.5862	0.58429
0.465	0.57961	0.57674
0.47	0.57301	0.56936
0.475	0.56642	0.56213
0.48	0.55982	0.55506
0.485	0.55323	0.54815
0.49	0.54663	0.54138
0.495	0.54004	0.53476
0.5	0.53344	0.52828
0.505	0.52685	0.52194
0.51	0.52025	0.51573
0.515	0.51366	0.50966
0.52	0.50706	0.50371
0.525	0.50047	0.49789
0.53	0.49388	0.49219
0.535	0.48728	0.48661
0.54	0.48069	0.48115
0.545	0.47409	0.4758
0.55	0.4675	0.47056
0.555	0.46283	0.46542
0.56	0.45815	0.46039
0.565	0.45348	0.45547
0.57	0.44881	0.45064
0.575	0.44414	0.44591
0.58	0.43947	0.44127
0.585	0.4348	0.43672
0.59	0.43013	0.43227
0.595	0.42545	0.4279
0.6	0.42078	0.42361
0.605	0.41611	0.41941
0.61	0.41144	0.41529
0.615	0.40677	0.41125
0.62	0.4021	0.40729
0.625	0.39743	0.4034
0.63	0.39276	0.39958
0.635	0.38808	0.39583
0.64	0.38341	0.39216
0.645	0.37874	0.38855
0.65	0.37407	0.385
0.655	0.37149	0.38153
0.66	0.3689	0.37811
0.665	0.36632	0.37476
0.67	0.36374	0.37146
0.675	0.36116	0.36823
0.68	0.35857	0.36505
0.685	0.35599	0.36192
0.69	0.35341	0.35885
0.695	0.35082	0.35584
0.7	0.34824	0.35287
0.705	0.34566	0.34996
0.71	0.34307	0.34709
0.715	0.34049	0.34428
0.72	0.33791	0.34151
0.725	0.33533	0.33878
0.73	0.33274	0.3361
0.735	0.33016	0.33347
0.74	0.32758	0.33087
0.745	0.32499	0.32832
0.75	0.32241	0.32581
0.755	0.32066	0.32334
0.76	0.3189	0.32091
0.765	0.31714	0.31851
0.77	0.31539	0.31615
0.775	0.31363	0.31383
0.78	0.31188	0.31154
0.785	0.31012	0.30929
0.79	0.30837	0.30708
0.795	0.30661	0.30489
0.8	0.30486	0.30274
0.805	0.3031	0.30062
0.81	0.30134	0.29853
0.815	0.29959	0.29646
0.82	0.29783	0.29443
0.825	0.29608	0.29243
0.83	0.29432	0.29046
0.835	0.29257	0.28851
0.84	0.29081	0.28659
0.845	0.28906	0.2847
0.85	0.2873	0.28283
0.855	0.28559	0.28099
0.86	0.28387	0.27917
0.865	0.28216	0.27738
0.87	0.28045	0.27561
0.875	0.27874	0.27386
0.88	0.27702	0.27213
0.885	0.27531	0.27043
0.89	0.2736	0.26875
0.895	0.27188	0.26709
0.9	0.27017	0.26546
0.905	0.26846	0.26384
0.91	0.26675	0.26224
0.915	0.26503	0.26066
0.92	0.26332	0.2591
0.925	0.26161	0.25756
0.93	0.2599	0.25604
0.935	0.25818	0.25454
0.94	0.25647	0.25305
0.945	0.25476	0.25158
0.95	0.25304	0.25013
0.955	0.25139	0.2487
0.96	0.24973	0.24728
0.965	0.24807	0.24588
0.97	0.24641	0.24449
0.975	0.24475	0.24312
0.98	0.2431	0.24177
0.985	0.24144	0.24043
0.99	0.23978	0.2391
0.995	0.23812	0.23779
1	0.23647	0.2365
1.005	0.23481	0.23522
1.01	0.23315	0.23395
1.015	0.23149	0.23269
1.02	0.22983	0.23145
1.025	0.22818	0.23022
1.03	0.22652	0.22901
1.035	0.22486	0.22781
1.04	0.2232	0.22662
1.045	0.22154	0.22544
1.05	0.21989	0.22427
1.055	0.21873	0.22312
1.06	0.21757	0.22198
1.065	0.21641	0.22085
1.07	0.21525	0.21973
1.075	0.21409	0.21862
1.08	0.21293	0.21753
1.085	0.21177	0.21644
1.09	0.21061	0.21537
1.095	0.20945	0.21431
1.1	0.20828	0.21325
1.105	0.20712	0.21221
1.11	0.20596	0.21118
1.115	0.2048	0.21016
1.12	0.20364	0.20914
1.125	0.20248	0.20814
1.13	0.20132	0.20715
1.135	0.20016	0.20617
1.14	0.199	0.20519
1.145	0.19784	0.20423
1.15	0.19668	0.20327
1.155	0.19615	0.20233
1.16	0.19562	0.20139
1.165	0.19509	0.20046
1.17	0.19456	0.19954
1.175	0.19403	0.19863
1.18	0.1935	0.19773
1.185	0.19296	0.19683
1.19	0.19243	0.19595
1.195	0.1919	0.19507
1.2	0.19137	0.1942
1.205	0.19084	0.19334
1.21	0.19031	0.19249
1.215	0.18978	0.19164
1.22	0.18925	0.1908
1.225	0.18871	0.18997
1.23	0.18818	0.18915
1.235	0.18765	0.18834
1.24	0.18712	0.18753
1.245	0.18659	0.18673
1.25	0.18606	0.18593
1.255	0.1852	0.18515
1.26	0.18435	0.18437
1.265	0.18349	0.1836
1.27	0.18264	0.18283
1.275	0.18178	0.18207
1.28	0.18093	0.18132
1.285	0.18007	0.18057
1.29	0.17922	0.17983
1.295	0.17836	0.1791
1.3	0.17751	0.17838
1.305	0.17665	0.17766
1.31	0.1758	0.17694
1.315	0.17494	0.17624
1.32	0.17409	0.17553
1.325	0.17323	0.17484
1.33	0.17238	0.17415
1.335	0.17153	0.17346
1.34	0.17067	0.17279
1.345	0.16982	0.17211
1.35	0.16896	0.17145
1.355	0.16836	0.17079
1.36	0.16776	0.17013
1.365	0.16717	0.16948
1.37	0.16657	0.16884
1.375	0.16597	0.1682
1.38	0.16537	0.16756
1.385	0.16477	0.16693
1.39	0.16417	0.16631
1.395	0.16357	0.16569
1.4	0.16298	0.16508
1.405	0.16238	0.16447
1.41	0.16178	0.16386
1.415	0.16118	0.16326
1.42	0.16058	0.16267
1.425	0.15998	0.16208
1.43	0.15939	0.16149
1.435	0.15879	0.16091
1.44	0.15819	0.16034
1.445	0.15759	0.15977
1.45	0.15699	0.1592
1.455	0.15675	0.15863
1.46	0.1565	0.15808
1.465	0.15626	0.15752
1.47	0.15602	0.15697
1.475	0.15577	0.15643
1.48	0.15553	0.15588
1.485	0.15528	0.15535
1.49	0.15504	0.15481
1.495	0.15479	0.15428
1.5	0.15455	0.15375
1.505	0.15431	0.15323
1.51	0.15406	0.15271
1.515	0.15382	0.1522
1.52	0.15357	0.15169
1.525	0.15333	0.15118
1.53	0.15308	0.15068
1.535	0.15284	0.15018
1.54	0.1526	0.14968
1.545	0.15235	0.14919
1.55	0.15211	0.1487
1.555	0.1517	0.14821
1.56	0.1513	0.14773
1.565	0.15089	0.14725
1.57	0.15048	0.14677
1.575	0.15008	0.1463
1.58	0.14967	0.14583
1.585	0.14926	0.14536
1.59	0.14886	0.1449
1.595	0.14845	0.14443
1.6	0.14805	0.14398
1.605	0.14764	0.14352
1.61	0.14723	0.14307
1.615	0.14683	0.14262
1.62	0.14642	0.14218
1.625	0.14602	0.14173
1.63	0.14561	0.14129
1.635	0.1452	0.14086
1.64	0.1448	0.14042
1.645	0.14439	0.13999
1.65	0.14399	0.13956
1.655	0.14344	0.13913
1.66	0.1429	0.13871
1.665	0.14236	0.13829
1.67	0.14181	0.13787
1.675	0.14127	0.13745
1.68	0.14073	0.13704
1.685	0.14018	0.13663
1.69	0.13964	0.13622
1.695	0.13909	0.13582
1.7	0.13855	0.13541
1.705	0.13801	0.13501
1.71	0.13746	0.13461
1.715	0.13692	0.13422
1.72	0.13638	0.13382
1.725	0.13583	0.13343
1.73	0.13529	0.13304
1.735	0.13475	0.13265
1.74	0.1342	0.13227
1.745	0.13366	0.13188
1.75	0.13312	0.1315
1.755	0.13266	0.13113
1.76	0.13219	0.13075
1.765	0.13173	0.13037
1.77	0.13127	0.13
1.775	0.13081	0.12963
1.78	0.13035	0.12926
1.785	0.12989	0.1289
1.79	0.12943	0.12853
1.795	0.12897	0.12817
1.8	0.12851	0.12781
1.805	0.12805	0.12745
1.81	0.12758	0.1271
1.815	0.12712	0.12674
1.82	0.12666	0.12639
1.825	0.1262	0.12604
1.83	0.12574	0.12569
1.835	0.12528	0.12535
1.84	0.12482	0.125
1.845	0.12436	0.12466
1.85	0.1239	0.12432
1.855	0.12365	0.12398
1.86	0.1234	0.12364
1.865	0.12315	0.1233
1.87	0.12289	0.12297
1.875	0.12264	0.12264
1.88	0.12239	0.12231
1.885	0.12214	0.12198
1.89	0.12189	0.12165
1.895	0.12164	0.12133
1.9	0.12139	0.121
1.905	0.12114	0.12068
1.91	0.12089	0.12036
1.915	0.12064	0.12004
1.92	0.12039	0.11972
1.925	0.12014	0.1194
1.93	0.11989	0.11909
1.935	0.11964	0.11878
1.94	0.11939	0.11847
1.945	0.11914	0.11816
1.95	0.11889	0.11785
1.955	0.11853	0.11754
1.96	0.11817	0.11724
1.965	0.11782	0.11693
1.97	0.11746	0.11663
1.975	0.1171	0.11633
1.98	0.11675	0.11603
1.985	0.11639	0.11573
1.99	0.11603	0.11544
1.995	0.11567	0.11514
2	0.11532	0.11485
2.005	0.11496	0.11455
2.01	0.1146	0.11426
2.015	0.11425	0.11397
2.02	0.11389	0.11369
2.025	0.11353	0.1134
2.03	0.11317	0.11311
2.035	0.11282	0.11283
2.04	0.11246	0.11255
2.045	0.1121	0.11226
2.05	0.11174	0.11198
2.055	0.11143	0.11171
2.06	0.11111	0.11143
2.065	0.11079	0.11115
2.07	0.11047	0.11088
2.075	0.11016	0.1106
2.08	0.10984	0.11033
2.085	0.10952	0.11006
2.09	0.1092	0.10979
2.095	0.10889	0.10952
2.1	0.10857	0.10925
2.105	0.10825	0.10898
2.11	0.10793	0.10872
2.115	0.10762	0.10846
2.12	0.1073	0.10819
2.125	0.10698	0.10793
2.13	0.10666	0.10767
2.135	0.10635	0.10741
2.14	0.10603	0.10715
2.145	0.10571	0.1069
2.15	0.10539	0.10664
2.155	0.10515	0.10638
2.16	0.10491	0.10613
2.165	0.10466	0.10588
2.17	0.10442	0.10563
2.175	0.10417	0.10538
2.18	0.10393	0.10513
2.185	0.10368	0.10488
2.19	0.10344	0.10463
2.195	0.1032	0.10439
2.2	0.10295	0.10414
2.205	0.10271	0.1039
2.21	0.10246	0.10365
2.215	0.10222	0.10341
2.22	0.10197	0.10317
2.225	0.10173	0.10293
2.23	0.10149	0.10269
2.235	0.10124	0.10245
2.24	0.101	0.10222
2.245	0.10075	0.10198
2.25	0.10051	0.10175
2.255	0.10036	0.10151
2.26	0.1002	0.10128
2.265	0.10005	0.10105
2.27	0.099899	0.10082
2.275	0.099746	0.10059
2.28	0.099593	0.10036
2.285	0.099441	0.10013
2.29	0.099288	0.099904
2.295	0.099135	0.099678
2.3	0.098983	0.099453
2.305	0.09883	0.099228
2.31	0.098677	0.099005
2.315	0.098525	0.098782
2.32	0.098372	0.098561
2.325	0.098219	0.09834
2.33	0.098067	0.098121
2.335	0.097914	0.097902
2.34	0.097761	0.097684
2.345	0.097609	0.097467
2.35	0.097456	0.09725
2.355	0.097413	0.097035
2.36	0.097371	0.096821
2.365	0.097328	0.096607
2.37	0.097285	0.096394
2.375	0.097242	0.096182
2.38	0.0972	0.095971
2.385	0.097157	0.095761
2.39	0.097114	0.095551
2.395	0.097071	0.095343
2.4	0.097029	0.095135
2.405	0.096986	0.094928
2.41	0.096943	0.094722
2.415	0.0969	0.094516
2.42	0.096858	0.094312
2.425	0.096815	0.094108
2.43	0.096772	0.093905
2.435	0.096729	0.093703
2.44	0.096687	0.093501
2.445	0.096644	0.093301
2.45	0.096601	0.093101
2.455	0.096363	0.092902
2.46	0.096125	0.092703
2.465	0.095887	0.092506
2.47	0.095649	0.092309
2.475	0.095411	0.092113
2.48	0.095172	0.091917
2.485	0.094934	0.091722
2.49	0.094696	0.091528
2.495	0.094458	0.091335
2.5	0.09422	0.091143
2.505	0.093982	0.090951
2.51	0.093744	0.09076
2.515	0.093505	0.090569
2.52	0.093267	0.09038
2.525	0.093029	0.090191
2.53	0.092791	0.090002
2.535	0.092553	0.089815
2.54	0.092315	0.089628
2.545	0.092076	0.089441
2.55	0.091838	0.089256
2.555	0.091741	0.089071
2.56	0.091643	0.088886
2.565	0.091545	0.088703
2.57	0.091448	0.08852
2.575	0.09135	0.088337
2.58	0.091252	0.088156
2.585	0.091154	0.087975
2.59	0.091057	0.087794
2.595	0.090959	0.087614
2.6	0.090861	0.087435
2.605	0.090764	0.087256
2.61	0.090666	0.087079
2.615	0.090568	0.086901
2.62	0.090471	0.086724
2.625	0.090373	0.086548
2.63	0.090275	0.086373
2.635	0.090177	0.086198
2.64	0.09008	0.086024
2.645	0.089982	0.08585
2.65	0.089884	0.085677
2.655	0.089689	0.085504
2.66	0.089494	0.085332
2.665	0.089298	0.085161
2.67	0.089103	0.08499
2.675	0.088907	0.084819
2.68	0.088712	0.08465
2.685	0.088517	0.084481
2.69	0.088321	0.084312
2.695	0.088126	0.084144
2.7	0.08793	0.083976
2.705	0.087735	0.083809
2.71	0.08754	0.083643
2.715	0.087344	0.083477
2.72	0.087149	0.083311
2.725	0.086953	0.083147
2.73	0.086758	0.082982
2.735	0.086563	0.082818
2.74	0.086367	0.082655
2.745	0.086172	0.082492
2.75	0.085976	0.08233
2.755	0.08564	0.082168
2.76	0.085305	0.082007
2.765	0.084969	0.081846
2.77	0.084633	0.081686
2.775	0.084297	0.081526
2.78	0.083961	0.081367
2.785	0.083625	0.081208
2.79	0.08329	0.081049
2.795	0.082954	0.080892
2.8	0.082618	0.080734
2.805	0.082282	0.080577
2.81	0.081946	0.080421
2.815	0.08161	0.080265
2.82	0.081275	0.080109
2.825	0.080939	0.079954
2.83	0.080603	0.0798
2.835	0.080267	0.079645
2.84	0.079931	0.079492
2.845	0.079595	0.079338
2.85	0.079259	0.079186
2.855	0.079296	0.079033
2.86	0.079333	0.078881
2.865	0.079369	0.07873
2.87	0.079406	0.078579
2.875	0.079443	0.078428
2.88	0.079479	0.078278
2.885	0.079516	0.078128
2.89	0.079553	0.077978
2.895	0.079589	0.077829
2.9	0.079626	0.077681
2.905	0.079662	0.077533
2.91	0.079699	0.077385
2.915	0.079736	0.077238
2.92	0.079772	0.077091
2.925	0.079809	0.076944
2.93	0.079846	0.076798
2.935	0.079882	0.076652
2.94	0.079919	0.076507
2.945	0.079956	0.076362
2.95	0.079992	0.076217
2.955	0.079986	0.076073
2.96	0.07998	0.075929
2.965	0.079974	0.075786
2.97	0.079968	0.075643
2.975	0.079962	0.0755
2.98	0.079956	0.075357
2.985	0.079949	0.075216
2.99	0.079943	0.075074
2.995	0.079937	0.074933
3	0.079931	0.074792
3.005	0.079925	0.074651
3.01	0.079919	0.074511
3.015	0.079913	0.074371
3.02	0.079907	0.074232
3.025	0.079901	0.074093
3.03	0.079894	0.073954
3.035	0.079888	0.073815
3.04	0.079882	0.073677
3.045	0.079876	0.07354
3.05	0.07987	0.073402
3.055	0.079656	0.073265
3.06	0.079443	0.073128
3.065	0.079229	0.072992
3.07	0.079015	0.072856
3.075	0.078801	0.07272
3.08	0.078588	0.072585
3.085	0.078374	0.07245
3.09	0.07816	0.072315
3.095	0.077947	0.07218
3.1	0.077733	0.072046
3.105	0.077519	0.071912
3.11	0.077305	0.071779
3.115	0.077092	0.071646
3.12	0.076878	0.071513
3.125	0.076664	0.07138
3.13	0.076451	0.071248
3.135	0.076237	0.071116
3.14	0.076023	0.070984
3.145	0.075809	0.070853
3.15	0.075596	0.070722
3.155	0.075388	0.070591
3.16	0.07518	0.07046
3.165	0.074973	0.07033
3.17	0.074765	0.0702
3.175	0.074558	0.07007
3.18	0.07435	0.069941
3.185	0.074142	0.069812
3.19	0.073935	0.069683
3.195	0.073727	0.069555
3.2	0.07352	0.069426
3.205	0.073312	0.069299
3.21	0.073104	0.069171
3.215	0.072897	0.069043
3.22	0.072689	0.068916
3.225	0.072481	0.068789
3.23	0.072274	0.068663
3.235	0.072066	0.068537
3.24	0.071859	0.068411
3.245	0.071651	0.068285
3.25	0.071443	0.068159
3.255	0.07145	0.068034
3.26	0.071456	0.067909
3.265	0.071462	0.067784
3.27	0.071468	0.06766
3.275	0.071474	0.067536
3.28	0.07148	0.067412
3.285	0.071486	0.067288
3.29	0.071492	0.067164
3.295	0.071498	0.067041
3.3	0.071504	0.066918
3.305	0.071511	0.066795
3.31	0.071517	0.066673
3.315	0.071523	0.066551
3.32	0.071529	0.066429
3.325	0.071535	0.066307
3.33	0.071541	0.066186
3.335	0.071547	0.066064
3.34	0.071553	0.065943
3.345	0.071559	0.065822
3.35	0.071566	0.065702
3.355	0.071688	0.065582
3.36	0.07181	0.065462
3.365	0.071932	0.065342
3.37	0.072054	0.065222
3.375	0.072176	0.065103
3.38	0.072298	0.064984
3.385	0.07242	0.064865
3.39	0.072543	0.064746
3.395	0.072665	0.064627
3.4	0.072787	0.064509
3.405	0.072909	0.064391
3.41	0.073031	0.064273
3.415	0.073153	0.064156
3.42	0.073275	0.064038
3.425	0.073397	0.063921
3.43	0.07352	0.063804
3.435	0.073642	0.063688
3.44	0.073764	0.063571
3.445	0.073886	0.063455
3.45	0.074008	0.063339
3.455	0.073819	0.063223
3.46	0.073629	0.063107
3.465	0.07344	0.062992
3.47	0.073251	0.062877
3.475	0.073062	0.062762
3.48	0.072872	0.062647
3.485	0.072683	0.062532
3.49	0.072494	0.062418
3.495	0.072304	0.062304
3.5	0.072115	0.06219
3.505	0.071926	0.062076
3.51	0.071737	0.061962
3.515	0.071547	0.061849
3.52	0.071358	0.061736
3.525	0.071169	0.061623
3.53	0.070979	0.06151
3.535	0.07079	0.061398
3.54	0.070601	0.061285
3.545	0.070411	0.061173
3.55	0.070222	0.061061
3.555	0.070143	0.060949
3.56	0.070063	0.060838
3.565	0.069984	0.060726
3.57	0.069905	0.060615
3.575	0.069825	0.060504
3.58	0.069746	0.060393
3.585	0.069666	0.060283
3.59	0.069587	0.060172
3.595	0.069508	0.060062
3.6	0.069428	0.059952
3.605	0.069349	0.059842
3.61	0.06927	0.059732
3.615	0.06919	0.059623
3.62	0.069111	0.059513
3.625	0.069031	0.059404
3.63	0.068952	0.059295
3.635	0.068873	0.059187
3.64	0.068793	0.059078
3.645	0.068714	0.05897
3.65	0.068635	0.058861
3.655	0.068659	0.058753
3.66	0.068683	0.058645
3.665	0.068708	0.058538
3.67	0.068732	0.05843
3.675	0.068757	0.058323
3.68	0.068781	0.058216
3.685	0.068805	0.058109
3.69	0.06883	0.058002
3.695	0.068854	0.057895
3.7	0.068879	0.057789
3.705	0.068903	0.057683
3.71	0.068928	0.057577
3.715	0.068952	0.057471
3.72	0.068976	0.057365
3.725	0.069001	0.057259
3.73	0.069025	0.057154
3.735	0.06905	0.057049
3.74	0.069074	0.056944
3.745	0.069099	0.056839
3.75	0.069123	0.056734
3.755	0.068876	0.05663
3.76	0.068628	0.056525
3.765	0.068381	0.056421
3.77	0.068134	0.056317
3.775	0.067886	0.056213
3.78	0.067639	0.056109
3.785	0.067392	0.056006
3.79	0.067145	0.055902
3.795	0.066897	0.055799
3.8	0.06665	0.055696
3.805	0.066403	0.055593
3.81	0.066155	0.055491
3.815	0.065908	0.055388
3.82	0.065661	0.055286
3.825	0.065413	0.055183
3.83	0.065166	0.055081
3.835	0.064919	0.054979
3.84	0.064672	0.054878
3.845	0.064424	0.054776
3.85	0.064177	0.054675
3.855	0.063866	0.054573
3.86	0.063554	0.054472
3.865	0.063243	0.054371
3.87	0.062931	0.05427
3.875	0.06262	0.05417
3.88	0.062308	0.054069
3.885	0.061997	0.053969
3.89	0.061686	0.053869
3.895	0.061374	0.053769
3.9	0.061063	0.053669
3.905	0.060751	0.053569
3.91	0.06044	0.05347
3.915	0.060128	0.05337
3.92	0.059817	0.053271
3.925	0.059506	0.053172
3.93	0.059194	0.053073
3.935	0.058883	0.052974
3.94	0.058571	0.052876
3.945	0.05826	0.052777
3.95	0.057949	0.052679
3.955	0.057796	0.052581
3.96	0.057643	0.052483
3.965	0.057491	0.052385
3.97	0.057338	0.052287
3.975	0.057185	0.05219
3.98	0.057033	0.052092
3.985	0.05688	0.051995
3.99	0.056727	0.051898
3.995	0.056575	0.051801
4	0.056422	0.051704
4.005	0.056269	0.051608
4.01	0.056117	0.051511
4.015	0.055964	0.051415
4.02	0.055811	0.051319
4.025	0.055659	0.051222
4.03	0.055506	0.051127
4.035	0.055353	0.051031
4.04	0.055201	0.050935
4.045	0.055048	0.05084
4.05	0.054895	0.050744
4.055	0.054825	0.050649
4.06	0.054755	0.050554
4.065	0.054685	0.050459
4.07	0.054615	0.050365
4.075	0.054544	0.05027
4.08	0.054474	0.050176
4.085	0.054404	0.050081
4.09	0.054334	0.049987
4.095	0.054263	0.049893
4.1	0.054193	0.049799
4.105	0.054123	0.049705
4.11	0.054053	0.049612
4.115	0.053983	0.049518
4.12	0.053912	0.049425
4.125	0.053842	0.049332
4.13	0.053772	0.049239
4.135	0.053702	0.049146
4.14	0.053631	0.049053
4.145	0.053561	0.048961
4.15	0.053491	0.048868
4.155	0.053509	0.048776
4.16	0.053528	0.048684
4.165	0.053546	0.048592
4.17	0.053564	0.0485
4.175	0.053583	0.048408
4.18	0.053601	0.048317
4.185	0.053619	0.048225
4.19	0.053638	0.048134
4.195	0.053656	0.048043
4.2	0.053674	0.047952
4.205	0.053692	0.047861
4.21	0.053711	0.04777
4.215	0.053729	0.047679
4.22	0.053747	0.047589
4.225	0.053766	0.047498
4.23	0.053784	0.047408
4.235	0.053802	0.047318
4.24	0.053821	0.047228
4.245	0.053839	0.047138
4.25	0.053857	0.047049
4.255	0.053772	0.046959
4.26	0.053686	0.04687
4.265	0.053601	0.046781
4.27	0.053515	0.046692
4.275	0.05343	0.046603
4.28	0.053344	0.046514
4.285	0.053259	0.046425
4.29	0.053173	0.046337
4.295	0.053088	0.046248
4.3	0.053002	0.04616
4.305	0.052917	0.046072
4.31	0.052831	0.045984
4.315	0.052746	0.045896
4.32	0.052661	0.045808
4.325	0.052575	0.04572
4.33	0.05249	0.045633
4.335	0.052404	0.045546
4.34	0.052319	0.045458
4.345	0.052233	0.045371
4.35	0.052148	0.045284
4.355	0.052105	0.045198
4.36	0.052062	0.045111
4.365	0.052019	0.045024
4.37	0.051977	0.044938
4.375	0.051934	0.044852
4.38	0.051891	0.044766
4.385	0.051848	0.04468
4.39	0.051806	0.044594
4.395	0.051763	0.044508
4.4	0.05172	0.044422
4.405	0.051677	0.044337
4.41	0.051635	0.044252
4.415	0.051592	0.044166
4.42	0.051549	0.044081
4.425	0.051506	0.043996
4.43	0.051464	0.043912
4.435	0.051421	0.043827
4.44	0.051378	0.043742
4.445	0.051335	0.043658
4.45	0.051293	0.043574
4.455	0.051271	0.04349
4.46	0.05125	0.043406
4.465	0.051229	0.043322
4.47	0.051207	0.043238
4.475	0.051186	0.043154
4.48	0.051164	0.043071
4.485	0.051143	0.042988
4.49	0.051122	0.042904
4.495	0.0511	0.042821
4.5	0.051079	0.042738
4.505	0.051058	0.042655
4.51	0.051036	0.042573
4.515	0.051015	0.04249
4.52	0.050993	0.042408
4.525	0.050972	0.042325
4.53	0.050951	0.042243
4.535	0.050929	0.042161
4.54	0.050908	0.042079
4.545	0.050887	0.041997
4.55	0.050865	0.041916
4.555	0.050517	0.041834
4.56	0.050169	0.041753
4.565	0.049821	0.041672
4.57	0.049473	0.04159
4.575	0.049125	0.041509
4.58	0.048777	0.041428
4.585	0.048429	0.041348
4.59	0.048081	0.041267
4.595	0.047733	0.041187
4.6	0.047385	0.041106
4.605	0.047037	0.041026
4.61	0.046689	0.040946
4.615	0.046341	0.040866
4.62	0.045992	0.040786
4.625	0.045644	0.040706
4.63	0.045296	0.040627
4.635	0.044948	0.040547
4.64	0.0446	0.040468
4.645	0.044252	0.040389
4.65	0.043904	0.040309
4.655	0.043535	0.040231
4.66	0.043165	0.040152
4.665	0.042796	0.040073
4.67	0.042426	0.039994
4.675	0.042057	0.039916
4.68	0.041688	0.039838
4.685	0.041318	0.039759
4.69	0.040949	0.039681
4.695	0.040579	0.039603
4.7	0.04021	0.039525
4.705	0.03984	0.039448
4.71	0.039471	0.03937
4.715	0.039102	0.039293
4.72	0.038732	0.039215
4.725	0.038363	0.039138
4.73	0.037993	0.039061
4.735	0.037624	0.038984
4.74	0.037254	0.038907
4.745	0.036885	0.038831
4.75	0.036516	0.038754
4.755	0.036503	0.038678
4.76	0.036491	0.038601
4.765	0.036479	0.038525
4.77	0.036467	0.038449
4.775	0.036454	0.038373
4.78	0.036442	0.038297
4.785	0.03643	0.038222
4.79	0.036418	0.038146
4.795	0.036406	0.03807
4.8	0.036393	0.037995
4.805	0.036381	0.03792
4.81	0.036369	0.037845
4.815	0.036357	0.03777
4.82	0.036345	0.037695
4.825	0.036332	0.03762
4.83	0.03632	0.037546
4.835	0.036308	0.037471
4.84	0.036296	0.037397
4.845	0.036283	0.037323
4.85	0.036271	0.037249
4.855	0.036384	0.037175
4.86	0.036497	0.037101
4.865	0.03661	0.037027
4.87	0.036723	0.036954
4.875	0.036836	0.03688
4.88	0.036949	0.036807
4.885	0.037062	0.036733
4.89	0.037175	0.03666
4.895	0.037288	0.036587
4.9	0.037401	0.036514
4.905	0.037514	0.036442
4.91	0.037627	0.036369
4.915	0.03774	0.036297
4.92	0.037853	0.036224
4.925	0.037966	0.036152
4.93	0.038079	0.03608
4.935	0.038192	0.036008
4.94	0.038305	0.035936
4.945	0.038418	0.035864
4.95	0.038531	0.035792
4.955	0.038381	0.035721
4.96	0.038231	0.035649
4.965	0.038082	0.035578
4.97	0.037932	0.035507
4.975	0.037783	0.035436
4.98	0.037633	0.035365
4.985	0.037483	0.035294
4.99	0.037334	0.035224
4.995	0.037184	0.035153
5	0.037035	0.035083
5.005	0.036885	0.035012
5.01	0.036735	0.034942
5.015	0.036586	0.034872
5.02	0.036436	0.034802
5.025	0.036287	0.034732
5.03	0.036137	0.034662
5.035	0.035987	0.034593
5.04	0.035838	0.034523
5.045	0.035688	0.034454
5.05	0.035539	0.034385
5.055	0.035349	0.034315
5.06	0.03516	0.034246
5.065	0.034971	0.034177
5.07	0.034781	0.034109
5.075	0.034592	0.03404
5.08	0.034403	0.033971
5.085	0.034213	0.033903
5.09	0.034024	0.033835
5.095	0.033835	0.033766
5.1	0.033646	0.033698
5.105	0.033456	0.03363
5.11	0.033267	0.033563
5.115	0.033078	0.033495
5.12	0.032888	0.033427
5.125	0.032699	0.03336
5.13	0.03251	0.033292
5.135	0.032321	0.033225
5.14	0.032131	0.033158
5.145	0.031942	0.033091
5.15	0.031753	0.033024
5.155	0.031792	0.032957
5.16	0.031832	0.03289
5.165	0.031872	0.032824
5.17	0.031911	0.032757
5.175	0.031951	0.032691
5.18	0.031991	0.032625
5.185	0.03203	0.032559
5.19	0.03207	0.032493
5.195	0.03211	0.032427
5.2	0.03215	0.032361
5.205	0.032189	0.032295
5.21	0.032229	0.03223
5.215	0.032269	0.032164
5.22	0.032308	0.032099
5.225	0.032348	0.032034
5.23	0.032388	0.031969
5.235	0.032427	0.031904
5.24	0.032467	0.031839
5.245	0.032507	0.031774
5.25	0.032546	0.03171
5.255	0.032507	0.031645
5.26	0.032467	0.031581
5.265	0.032427	0.031516
5.27	0.032388	0.031452
5.275	0.032348	0.031388
5.28	0.032308	0.031324
5.285	0.032269	0.03126
5.29	0.032229	0.031197
5.295	0.032189	0.031133
5.3	0.03215	0.031069
5.305	0.03211	0.031006
5.31	0.03207	0.030943
5.315	0.03203	0.03088
5.32	0.031991	0.030817
5.325	0.031951	0.030754
5.33	0.031911	0.030691
5.335	0.031872	0.030628
5.34	0.031832	0.030565
5.345	0.031792	0.030503
5.35	0.031753	0.030441
5.355	0.031661	0.030378
5.36	0.031569	0.030316
5.365	0.031478	0.030254
5.37	0.031386	0.030192
5.375	0.031295	0.03013
5.38	0.031203	0.030068
5.385	0.031111	0.030007
5.39	0.03102	0.029945
5.395	0.030928	0.029884
5.4	0.030837	0.029823
5.405	0.030745	0.029761
5.41	0.030653	0.0297
5.415	0.030562	0.029639
5.42	0.03047	0.029578
5.425	0.030379	0.029518
5.43	0.030287	0.029457
5.435	0.030196	0.029396
5.44	0.030104	0.029336
5.445	0.030012	0.029276
5.45	0.029921	0.029215
5.455	0.02993	0.029155
5.46	0.029939	0.029095
5.465	0.029948	0.029035
5.47	0.029957	0.028976
5.475	0.029967	0.028916
5.48	0.029976	0.028856
5.485	0.029985	0.028797
5.49	0.029994	0.028737
5.495	0.030003	0.028678
5.5	0.030012	0.028619
5.505	0.030021	0.02856
5.51	0.030031	0.028501
5.515	0.03004	0.028442
5.52	0.030049	0.028383
5.525	0.030058	0.028325
5.53	0.030067	0.028266
5.535	0.030076	0.028208
5.54	0.030086	0.028149
5.545	0.030095	0.028091
5.55	0.030104	0.028033
5.555	0.030113	0.027975
5.56	0.030122	0.027917
5.565	0.030131	0.027859
5.57	0.030141	0.027802
5.575	0.03015	0.027744
5.58	0.030159	0.027686
5.585	0.030168	0.027629
5.59	0.030177	0.027572
5.595	0.030186	0.027515
5.6	0.030196	0.027457
5.605	0.030205	0.0274
5.61	0.030214	0.027344
5.615	0.030223	0.027287
5.62	0.030232	0.02723
5.625	0.030241	0.027174
5.63	0.03025	0.027117
5.635	0.03026	0.027061
5.64	0.030269	0.027004
5.645	0.030278	0.026948
5.65	0.030287	0.026892
5.655	0.030244	0.026836
5.66	0.030202	0.02678
5.665	0.030159	0.026724
5.67	0.030116	0.026669
5.675	0.030073	0.026613
5.68	0.030031	0.026558
5.685	0.029988	0.026502
5.69	0.029945	0.026447
5.695	0.029902	0.026392
5.7	0.02986	0.026337
5.705	0.029817	0.026282
5.71	0.029774	0.026227
5.715	0.029731	0.026172
5.72	0.029689	0.026117
5.725	0.029646	0.026063
5.73	0.029603	0.026008
5.735	0.02956	0.025954
5.74	0.029518	0.025899
5.745	0.029475	0.025845
5.75	0.029432	0.025791
5.755	0.029341	0.025737
5.76	0.029249	0.025683
5.765	0.029157	0.025629
5.77	0.029066	0.025576
5.775	0.028974	0.025522
5.78	0.028883	0.025468
5.785	0.028791	0.025415
5.79	0.028699	0.025362
5.795	0.028608	0.025308
5.8	0.028516	0.025255
5.805	0.028425	0.025202
5.81	0.028333	0.025149
5.815	0.028242	0.025096
5.82	0.02815	0.025043
5.825	0.028058	0.024991
5.83	0.027967	0.024938
5.835	0.027875	0.024886
5.84	0.027784	0.024833
5.845	0.027692	0.024781
5.85	0.0276	0.024729
5.855	0.027713	0.024677
5.86	0.027826	0.024625
5.865	0.027939	0.024573
5.87	0.028052	0.024521
5.875	0.028165	0.024469
5.88	0.028278	0.024417
5.885	0.028391	0.024366
5.89	0.028504	0.024314
5.895	0.028617	0.024263
5.9	0.02873	0.024211
5.905	0.028843	0.02416
5.91	0.028956	0.024109
5.915	0.029069	0.024058
5.92	0.029182	0.024007
5.925	0.029295	0.023956
5.93	0.029408	0.023906
5.935	0.029521	0.023855
5.94	0.029634	0.023804
5.945	0.029747	0.023754
5.95	0.02986	0.023703
5.955	0.029912	0.023653
5.96	0.029963	0.023603
5.965	0.030015	0.023553
5.97	0.030067	0.023503
5.975	0.030119	0.023453
5.98	0.030171	0.023403
5.985	0.030223	0.023353
5.99	0.030275	0.023303
5.995	0.030327	0.023254
6	0.030379	0.023204
6.005	0.030431	0.023155
6.01	0.030483	0.023105
6.015	0.030534	0.023056
6.02	0.030586	0.023007
6.025	0.030638	0.022958
6.03	0.03069	0.022909
6.035	0.030742	0.02286
6.04	0.030794	0.022811
6.045	0.030846	0.022762
6.05	0.030898	0.022714
6.055	0.030992	0.022665
6.06	0.031087	0.022617
6.065	0.031182	0.022568
6.07	0.031276	0.02252
6.075	0.031371	0.022472
6.08	0.031466	0.022424
6.085	0.03156	0.022376
6.09	0.031655	0.022328
6.095	0.03175	0.02228
6.1	0.031844	0.022232
6.105	0.031939	0.022184
6.11	0.032034	0.022136
6.115	0.032128	0.022089
6.12	0.032223	0.022041
6.125	0.032317	0.021994
6.13	0.032412	0.021947
6.135	0.032507	0.021899
6.14	0.032601	0.021852
6.145	0.032696	0.021805
6.15	0.032791	0.021758
6.155	0.032782	0.021711
6.16	0.032772	0.021665
6.165	0.032763	0.021618
6.17	0.032754	0.021571
6.175	0.032745	0.021525
6.18	0.032736	0.021478
6.185	0.032727	0.021432
6.19	0.032717	0.021385
6.195	0.032708	0.021339
6.2	0.032699	0.021293
6.205	0.03269	0.021247
6.21	0.032681	0.021201
6.215	0.032672	0.021155
6.22	0.032662	0.021109
6.225	0.032653	0.021063
6.23	0.032644	0.021018
6.235	0.032635	0.020972
6.24	0.032626	0.020926
6.245	0.032617	0.020881
6.25	0.032608	0.020836
6.255	0.032513	0.02079
6.26	0.032418	0.020745
6.265	0.032324	0.0207
6.27	0.032229	0.020655
6.275	0.032134	0.02061
6.28	0.03204	0.020565
6.285	0.031945	0.02052
6.29	0.03185	0.020475
6.295	0.031756	0.020431
6.3	0.031661	0.020386
6.305	0.031566	0.020342
6.31	0.031472	0.020297
6.315	0.031377	0.020253
6.32	0.031282	0.020209
6.325	0.031188	0.020164
6.33	0.031093	0.02012
6.335	0.030998	0.020076
6.34	0.030904	0.020032
6.345	0.030809	0.019988
6.35	0.030715	0.019944
6.355	0.030751	0.019901
6.36	0.030788	0.019857
6.365	0.030824	0.019813
6.37	0.030861	0.01977
6.375	0.030898	0.019726
6.38	0.030934	0.019683
6.385	0.030971	0.01964
6.39	0.031008	0.019596
6.395	0.031044	0.019553
6.4	0.031081	0.01951
6.405	0.031118	0.019467
6.41	0.031154	0.019424
6.415	0.031191	0.019381
6.42	0.031227	0.019339
6.425	0.031264	0.019296
6.43	0.031301	0.019253
6.435	0.031337	0.019211
6.44	0.031374	0.019168
6.445	0.031411	0.019126
6.45	0.031447	0.019083
6.455	0.031432	0.019041
6.46	0.031417	0.018999
6.465	0.031402	0.018957
6.47	0.031386	0.018915
6.475	0.031371	0.018873
6.48	0.031356	0.018831
6.485	0.03134	0.018789
6.49	0.031325	0.018747
6.495	0.03131	0.018705
6.5	0.031295	0.018664
6.505	0.031279	0.018622
6.51	0.031264	0.018581
6.515	0.031249	0.018539
6.52	0.031234	0.018498
6.525	0.031218	0.018457
6.53	0.031203	0.018415
6.535	0.031188	0.018374
6.54	0.031173	0.018333
6.545	0.031157	0.018292
6.55	0.031142	0.018251
6.555	0.03113	0.01821
6.56	0.031118	0.018169
6.565	0.031105	0.018129
6.57	0.031093	0.018088
6.575	0.031081	0.018047
6.58	0.031069	0.018007
6.585	0.031057	0.017966
6.59	0.031044	0.017926
6.595	0.031032	0.017886
6.6	0.03102	0.017845
6.605	0.031008	0.017805
6.61	0.030995	0.017765
6.615	0.030983	0.017725
6.62	0.030971	0.017685
6.625	0.030959	0.017645
6.63	0.030947	0.017605
6.635	0.030934	0.017566
6.64	0.030922	0.017526
6.645	0.03091	0.017486
6.65	0.030898	0.017447
6.655	0.030718	0.017407
6.66	0.030537	0.017368
6.665	0.030357	0.017328
6.67	0.030177	0.017289
6.675	0.029997	0.01725
6.68	0.029817	0.01721
6.685	0.029637	0.017171
6.69	0.029457	0.017132
6.695	0.029277	0.017093
6.7	0.029096	0.017054
6.705	0.028916	0.017015
6.71	0.028736	0.016977
6.715	0.028556	0.016938
6.72	0.028376	0.016899
6.725	0.028196	0.016861
6.73	0.028016	0.016822
6.735	0.027835	0.016784
6.74	0.027655	0.016745
6.745	0.027475	0.016707
6.75	0.027295	0.016669
6.755	0.027042	0.01663
6.76	0.026788	0.016592
6.765	0.026535	0.016554
6.77	0.026281	0.016516
6.775	0.026028	0.016478
6.78	0.025775	0.01644
6.785	0.025521	0.016402
6.79	0.025268	0.016365
6.795	0.025014	0.016327
6.8	0.024761	0.016289
6.805	0.024508	0.016252
6.81	0.024254	0.016214
6.815	0.024001	0.016177
6.82	0.023747	0.016139
6.825	0.023494	0.016102
6.83	0.02324	0.016065
6.835	0.022987	0.016027
6.84	0.022734	0.01599
6.845	0.02248	0.015953
6.85	0.022227	0.015916
6.855	0.022068	0.015879
6.86	0.021909	0.015842
6.865	0.021751	0.015806
6.87	0.021592	0.015769
6.875	0.021433	0.015732
6.88	0.021274	0.015695
6.885	0.021115	0.015659
6.89	0.020957	0.015622
6.895	0.020798	0.015586
6.9	0.020639	0.015549
6.905	0.02048	0.015513
6.91	0.020322	0.015477
6.915	0.020163	0.01544
6.92	0.020004	0.015404
6.925	0.019845	0.015368
6.93	0.019687	0.015332
6.935	0.019528	0.015296
6.94	0.019369	0.01526
6.945	0.01921	0.015224
6.95	0.019052	0.015188
6.955	0.018908	0.015153
6.96	0.018765	0.015117
6.965	0.018621	0.015081
6.97	0.018478	0.015046
6.975	0.018334	0.01501
6.98	0.018191	0.014975
6.985	0.018047	0.014939
6.99	0.017904	0.014904
6.995	0.01776	0.014869
7	0.017617	0.014834
7.005	0.017473	0.014798
7.01	0.01733	0.014763
7.015	0.017186	0.014728
7.02	0.017043	0.014693
7.025	0.016899	0.014658
7.03	0.016756	0.014623
7.035	0.016612	0.014589
7.04	0.016469	0.014554
7.045	0.016325	0.014519
7.05	0.016182	0.014484
7.055	0.015983	0.01445
7.06	0.015785	0.014415
7.065	0.015586	0.014381
7.07	0.015388	0.014346
7.075	0.015189	0.014312
7.08	0.014991	0.014278
7.085	0.014792	0.014244
7.09	0.014594	0.014209
7.095	0.014396	0.014175
7.1	0.014197	0.014141
7.105	0.013999	0.014107
7.11	0.0138	0.014073
7.115	0.013602	0.014039
7.12	0.013403	0.014005
7.125	0.013205	0.013972
7.13	0.013006	0.013938
7.135	0.012808	0.013904
7.14	0.012609	0.013871
7.145	0.012411	0.013837
7.15	0.012213	0.013803
7.155	0.01209	0.01377
7.16	0.011968	0.013737
7.165	0.011846	0.013703
7.17	0.011724	0.01367
7.175	0.011602	0.013637
7.18	0.01148	0.013604
7.185	0.011358	0.01357
7.19	0.011236	0.013537
7.195	0.011113	0.013504
7.2	0.010991	0.013471
7.205	0.010869	0.013439
7.21	0.010747	0.013406
7.215	0.010625	0.013373
7.22	0.010503	0.01334
7.225	0.010381	0.013307
7.23	0.010259	0.013275
7.235	0.010136	0.013242
7.24	0.010014	0.01321
7.245	0.0098922	0.013177
7.25	0.00977	0.013145
7.255	0.0097578	0.013112
7.26	0.0097456	0.01308
7.265	0.0097334	0.013048
7.27	0.0097212	0.013016
7.275	0.009709	0.012984
7.28	0.0096968	0.012951
7.285	0.0096845	0.012919
7.29	0.0096723	0.012887
7.295	0.0096601	0.012856
7.3	0.0096479	0.012824
7.305	0.0096357	0.012792
7.31	0.0096235	0.01276
7.315	0.0096113	0.012728
7.32	0.0095991	0.012697
7.325	0.0095868	0.012665
7.33	0.0095746	0.012634
7.335	0.0095624	0.012602
7.34	0.0095502	0.012571
7.345	0.009538	0.012539
7.35	0.0095258	0.012508
7.355	0.0095685	0.012477
7.36	0.0096113	0.012445
7.365	0.009654	0.012414
7.37	0.0096968	0.012383
7.375	0.0097395	0.012352
7.38	0.0097823	0.012321
7.385	0.009825	0.01229
7.39	0.0098677	0.012259
7.395	0.0099105	0.012228
7.4	0.0099532	0.012197
7.405	0.009996	0.012167
7.41	0.010039	0.012136
7.415	0.010081	0.012105
7.42	0.010124	0.012075
7.425	0.010167	0.012044
7.43	0.01021	0.012014
7.435	0.010252	0.011983
7.44	0.010295	0.011953
7.445	0.010338	0.011922
7.45	0.010381	0.011892
7.455	0.010347	0.011862
7.46	0.010313	0.011832
7.465	0.01028	0.011801
7.47	0.010246	0.011771
7.475	0.010213	0.011741
7.48	0.010179	0.011711
7.485	0.010146	0.011681
7.49	0.010112	0.011651
7.495	0.010078	0.011622
7.5	0.010045	0.011592
7.505	0.010011	0.011562
7.51	0.0099777	0.011532
7.515	0.0099441	0.011503
7.52	0.0099105	0.011473
7.525	0.0098769	0.011444
7.53	0.0098433	0.011414
7.535	0.0098097	0.011385
7.54	0.0097761	0.011355
7.545	0.0097426	0.011326
7.55	0.009709	0.011297
7.555	0.0096265	0.011268
7.56	0.0095441	0.011238
7.565	0.0094617	0.011209
7.57	0.0093792	0.01118
7.575	0.0092968	0.011151
7.58	0.0092144	0.011122
7.585	0.0091319	0.011093
7.59	0.0090495	0.011064
7.595	0.0089671	0.011036
7.6	0.0088846	0.011007
7.605	0.0088022	0.010978
7.61	0.0087198	0.010949
7.615	0.0086373	0.010921
7.62	0.0085549	0.010892
7.625	0.0084725	0.010864
7.63	0.00839	0.010835
7.635	0.0083076	0.010807
7.64	0.0082252	0.010778
7.645	0.0081427	0.01075
7.65	0.0080603	0.010722
7.655	0.0080145	0.010694
7.66	0.0079687	0.010665
7.665	0.0079229	0.010637
7.67	0.0078771	0.010609
7.675	0.0078313	0.010581
7.68	0.0077855	0.010553
7.685	0.0077397	0.010525
7.69	0.0076939	0.010497
7.695	0.0076481	0.01047
7.7	0.0076023	0.010442
7.705	0.0075565	0.010414
7.71	0.0075107	0.010386
7.715	0.0074649	0.010359
7.72	0.0074191	0.010331
7.725	0.0073733	0.010304
7.73	0.0073275	0.010276
7.735	0.0072817	0.010249
7.74	0.0072359	0.010221
7.745	0.0071901	0.010194
7.75	0.0071443	0.010167
7.755	0.0070711	0.010139
7.76	0.0069978	0.010112
7.765	0.0069245	0.010085
7.77	0.0068512	0.010058
7.775	0.006778	0.010031
7.78	0.0067047	0.010004
7.785	0.0066314	0.009977
7.79	0.0065581	0.0099501
7.795	0.0064849	0.0099232
7.8	0.0064116	0.0098964
7.805	0.0063383	0.0098696
7.81	0.006265	0.0098429
7.815	0.0061918	0.0098163
7.82	0.0061185	0.0097896
7.825	0.0060452	0.0097631
7.83	0.0059719	0.0097366
7.835	0.0058987	0.0097101
7.84	0.0058254	0.0096837
7.845	0.0057521	0.0096573
7.85	0.0056788	0.009631
7.855	0.0056422	0.0096047
7.86	0.0056056	0.0095784
7.865	0.0055689	0.0095523
7.87	0.0055323	0.0095261
7.875	0.0054956	0.0095
7.88	0.005459	0.009474
7.885	0.0054224	0.009448
7.89	0.0053857	0.009422
7.895	0.0053491	0.0093961
7.9	0.0053125	0.0093703
7.905	0.0052758	0.0093445
7.91	0.0052392	0.0093187
7.915	0.0052025	0.009293
7.92	0.0051659	0.0092674
7.925	0.0051293	0.0092418
7.93	0.0050926	0.0092162
7.935	0.005056	0.0091907
7.94	0.0050194	0.0091652
7.945	0.0049827	0.0091398
7.95	0.0049461	0.0091144
7.955	0.0048667	0.0090891
7.96	0.0047873	0.0090638
7.965	0.0047079	0.0090385
7.97	0.0046286	0.0090134
7.975	0.0045492	0.0089882
7.98	0.0044698	0.0089631
7.985	0.0043904	0.0089381
7.99	0.004311	0.0089131
7.995	0.0042316	0.0088881
8	0.0041523	0.0088632
8.005	0.0040729	0.0088383
8.01	0.0039935	0.0088135
8.015	0.0039141	0.0087888
8.02	0.0038347	0.008764
8.025	0.0037554	0.0087394
8.03	0.003676	0.0087147
8.035	0.0035966	0.0086902
8.04	0.0035172	0.0086656
8.045	0.0034378	0.0086411
8.05	0.0033585	0.0086167
8.055	0.0032485	0.0085923
8.06	0.0031386	0.0085679
8.065	0.0030287	0.0085436
8.07	0.0029188	0.0085194
8.075	0.0028089	0.0084952
8.08	0.002699	0.008471
8.085	0.0025891	0.0084469
8.09	0.0024791	0.0084228
8.095	0.0023692	0.0083988
8.1	0.0022593	0.0083748
8.105	0.0021494	0.0083509
8.11	0.0020395	0.008327
8.115	0.0019296	0.0083032
8.12	0.0018197	0.0082794
8.125	0.0017098	0.0082556
8.13	0.0015998	0.0082319
8.135	0.0014899	0.0082083
8.14	0.00138	0.0081847
8.145	0.0012701	0.0081611
8.15	0.0011602	0.0081376
8.155	0.0011083	0.0081141
8.16	0.0010564	0.0080907
8.165	0.0010045	0.0080673
8.17	0.00095258	0.008044
8.175	0.00090068	0.0080207
8.18	0.00084877	0.0079974
8.185	0.00079687	0.0079742
8.19	0.00074497	0.0079511
8.195	0.00069306	0.007928
8.2	0.00064116	0.0079049
8.205	0.00058926	0.0078819
8.21	0.00053735	0.0078589
8.215	0.00048545	0.007836
8.22	0.00043355	0.0078131
8.225	0.00038164	0.0077903
8.23	0.00032974	0.0077675
8.235	0.00027784	0.0077447
8.24	0.00022593	0.007722
8.245	0.00017403	0.0076994
8.25	0.00012213	0.0076768
8.255	0.00011602	0.0076542
8.26	0.00010991	0.0076317
8.265	0.00010381	0.0076092
8.27	9.77e-005	0.0075868
8.275	9.1594e-005	0.0075644
8.28	8.5488e-005	0.0075421
8.285	7.9382e-005	0.0075198
8.29	7.3275e-005	0.0074975
8.295	6.7169e-005	0.0074753
8.3	6.1063e-005	0.0074532
8.305	5.4956e-005	0.0074311
8.31	4.885e-005	0.007409
8.315	4.2744e-005	0.007387
8.32	3.6638e-005	0.007365
8.325	3.0531e-005	0.0073431
8.33	2.4425e-005	0.0073212
8.335	1.8319e-005	0.0072993
8.34	1.2213e-005	0.0072775
8.345	6.1063e-006	0.0072558
8.35	2.1684e-018	0.0072341
8.355	0	0.0072124
8.36	0	0.0071908
8.365	0	0.0071692
8.37	0	0.0071477
8.375	0	0.0071262
8.38	0	0.0071047
8.385	0	0.0070833
8.39	0	0.007062
8.395	0	0.0070407
8.4	0	0.0070194
8.405	0	0.0069982
8.41	0	0.006977
8.415	0	0.0069559
8.42	0	0.0069348
8.425	0	0.0069137
8.43	0	0.0068927
8.435	0	0.0068718
8.44	0	0.0068509
8.445	0	0.00683
8.45	0	0.0068092
8.455	0	0.0067884
8.46	0	0.0067677
8.465	0	0.006747
8.47	0	0.0067263
8.475	0	0.0067057
8.48	0	0.0066851
8.485	0	0.0066646
8.49	0	0.0066441
8.495	0	0.0066237
8.5	0	0.0066033
8.505	0	0.006583
8.51	0	0.0065627
8.515	0	0.0065424
8.52	0	0.0065222
8.525	0	0.006502
8.53	0	0.0064819
8.535	0	0.0064618
8.54	0	0.0064418
8.545	0	0.0064218
8.55	0	0.0064019
8.555	0	0.0063819
8.56	0	0.0063621
8.565	0	0.0063423
8.57	0	0.0063225
8.575	0	0.0063027
8.58	0	0.006283
8.585	0	0.0062634
8.59	0	0.0062438
8.595	0	0.0062242
8.6	0	0.0062047
8.605	0	0.0061852
8.61	0	0.0061658
8.615	0	0.0061464
8.62	0	0.0061271
8.625	0	0.0061077
8.63	0	0.0060885
8.635	0	0.0060693
8.64	0	0.0060501
8.645	0	0.0060309
8.65	0	0.0060119
8.655	0	0.0059928
8.66	0	0.0059738
8.665	0	0.0059548
8.67	0	0.0059359
8.675	0	0.005917
8.68	0	0.0058982
8.685	0	0.0058794
8.69	0	0.0058606
8.695	0	0.0058419
8.7	0	0.0058233
8.705	0	0.0058046
8.71	0	0.0057861
8.715	0	0.0057675
8.72	0	0.005749
8.725	0	0.0057306
8.73	0	0.0057121
8.735	0	0.0056938
8.74	0	0.0056754
8.745	0	0.0056572
8.75	0	0.0056389
8.755	0	0.0056207
8.76	0	0.0056025
8.765	0	0.0055844
8.77	0	0.0055663
8.775	0	0.0055483
8.78	0	0.0055303
8.785	0	0.0055123
8.79	0	0.0054944
8.795	0	0.0054766
8.8	0	0.0054587
8.805	0	0.0054409
8.81	0	0.0054232
8.815	0	0.0054055
8.82	0	0.0053878
8.825	0	0.0053702
8.83	0	0.0053526
8.835	0	0.0053351
8.84	0	0.0053176
8.845	0	0.0053001
8.85	0	0.0052827
8.855	0	0.0052653
8.86	0	0.005248
8.865	0	0.0052307
8.87	0	0.0052135
8.875	0	0.0051963
8.88	0	0.0051791
8.885	0	0.005162
8.89	0	0.0051449
8.895	0	0.0051278
8.9	0	0.0051108
8.905	0	0.0050939
8.91	0	0.0050769
8.915	0	0.00506
8.92	0	0.0050432
8.925	0	0.0050264
8.93	0	0.0050096
8.935	0	0.0049929
8.94	0	0.0049762
8.945	0	0.0049596
8.95	0	0.004943
8.955	0	0.0049264
8.96	0	0.0049099
8.965	0	0.0048934
8.97	0	0.004877
8.975	0	0.0048606
8.98	0	0.0048442
8.985	0	0.0048279
8.99	0	0.0048117
8.995	0	0.0047954
9	0	0.0047792
9.005	0	0.0047631
9.01	0	0.0047469
9.015	0	0.0047309
9.02	0	0.0047148
9.025	0	0.0046988
9.03	0	0.0046829
9.035	0	0.0046669
9.04	0	0.0046511
9.045	0	0.0046352
9.05	0	0.0046194
9.055	0	0.0046037
9.06	0	0.0045879
9.065	0	0.0045723
9.07	0	0.0045566
9.075	0	0.004541
9.08	0	0.0045255
9.085	0	0.0045099
9.09	0	0.0044945
9.095	0	0.004479
9.1	0	0.0044636
9.105	0	0.0044482
9.11	0	0.0044329
9.115	0	0.0044176
9.12	0	0.0044024
9.125	0	0.0043872
9.13	0	0.004372
9.135	0	0.0043568
9.14	0	0.0043418
9.145	0	0.0043267
9.15	0	0.0043117
9.155	0	0.0042967
9.16	0	0.0042818
9.165	0	0.0042669
9.17	0	0.004252
9.175	0	0.0042372
9.18	0	0.0042224
9.185	0	0.0042076
9.19	0	0.0041929
9.195	0	0.0041783
9.2	0	0.0041636
9.205	0	0.004149
9.21	0	0.0041345
9.215	0	0.00412
9.22	0	0.0041055
9.225	0	0.004091
9.23	0	0.0040766
9.235	0	0.0040623
9.24	0	0.0040479
9.245	0	0.0040336
9.25	0	0.0040194
9.255	0	0.0040052
9.26	0	0.003991
9.265	0	0.0039769
9.27	0	0.0039628
9.275	0	0.0039487
9.28	0	0.0039347
9.285	0	0.0039207
9.29	0	0.0039067
9.295	0	0.0038928
9.3	0	0.0038789
9.305	0	0.0038651
9.31	0	0.0038513
9.315	0	0.0038375
9.32	0	0.0038238
9.325	0	0.0038101
9.33	0	0.0037964
9.335	0	0.0037828
9.34	0	0.0037692
9.345	0	0.0037557
9.35	0	0.0037422
9.355	0	0.0037287
9.36	0	0.0037153
9.365	0	0.0037019
9.37	0	0.0036885
9.375	0	0.0036752
9.38	0	0.0036619
9.385	0	0.0036487
9.39	0	0.0036355
9.395	0	0.0036223
9.4	0	0.0036091
9.405	0	0.003596
9.41	0	0.003583
9.415	0	0.0035699
9.42	0	0.0035569
9.425	0	0.003544
9.43	0	0.003531
9.435	0	0.0035181
9.44	0	0.0035053
9.445	0	0.0034925
9.45	0	0.0034797
9.455	0	0.0034669
9.46	0	0.0034542
9.465	0	0.0034416
9.47	0	0.0034289
9.475	0	0.0034163
9.48	0	0.0034038
9.485	0	0.0033912
9.49	0	0.0033787
9.495	0	0.0033663
9.5	0	0.0033538
9.505	0	0.0033414
9.51	0	0.0033291
9.515	0	0.0033168
9.52	0	0.0033045
9.525	0	0.0032922
9.53	0	0.00328
9.535	0	0.0032678
9.54	0	0.0032557
9.545	0	0.0032436
9.55	0	0.0032315
9.555	0	0.0032195
9.56	0	0.0032074
9.565	0	0.0031955
9.57	0	0.0031835
9.575	0	0.0031716
9.58	0	0.0031598
9.585	0	0.0031479
9.59	0	0.0031361
9.595	0	0.0031244
9.6	0	0.0031126
9.605	0	0.0031009
9.61	0	0.0030893
9.615	0	0.0030776
9.62	0	0.003066
9.625	0	0.0030545
9.63	0	0.0030429
9.635	0	0.0030314
9.64	0	0.00302
9.645	0	0.0030086
9.65	0	0.0029972
9.655	0	0.0029858
9.66	0	0.0029745
9.665	0	0.0029632
9.67	0	0.0029519
9.675	0	0.0029407
9.68	0	0.0029295
9.685	0	0.0029183
9.69	0	0.0029072
9.695	0	0.0028961
9.7	0	0.0028851
9.705	0	0.002874
9.71	0	0.002863
9.715	0	0.0028521
9.72	0	0.0028412
9.725	0	0.0028303
9.73	0	0.0028194
9.735	0	0.0028086
9.74	0	0.0027978
9.745	0	0.002787
9.75	0	0.0027763
9.755	0	0.0027656
9.76	0	0.0027549
9.765	0	0.0027443
9.77	0	0.0027337
9.775	0	0.0027231
9.78	0	0.0027125
9.785	0	0.002702
9.79	0	0.0026916
9.795	0	0.0026811
9.8	0	0.0026707
9.805	0	0.0026603
9.81	0	0.00265
9.815	0	0.0026397
9.82	0	0.0026294
9.825	0	0.0026191
9.83	0	0.0026089
9.835	0	0.0025987
9.84	0	0.0025886
9.845	0	0.0025784
9.85	0	0.0025684
9.855	0	0.0025583
9.86	0	0.0025483
9.865	0	0.0025383
9.87	0	0.0025283
9.875	0	0.0025183
9.88	0	0.0025084
9.885	0	0.0024986
9.89	0	0.0024887
9.895	0	0.0024789
9.9	0	0.0024691
9.905	0	0.0024594
9.91	0	0.0024496
9.915	0	0.0024399
9.92	0	0.0024303
9.925	0	0.0024207
9.93	0	0.0024111
9.935	0	0.0024015
9.94	0	0.0023919
9.945	0	0.0023824
9.95	0	0.002373
9.955	0	0.0023635
9.96	0	0.0023541
9.965	0	0.0023447
9.97	0	0.0023353
9.975	0	0.002326
9.98	0	0.0023167
9.985	0	0.0023074
9.99	0	0.0022982
9.995	0	0.002289
10	0	0.0022798
10.005	0	0.0022707
10.01	0	0.0022615
10.015	0	0.0022524
10.02	0	0.0022434
10.025	0	0.0022343
10.03	0	0.0022253
10.035	0	0.0022164
10.04	0	0.0022074
10.045	0	0.0021985
10.05	0	0.0021896
10.055	0	0.0021807
10.06	0	0.0021719
10.065	0	0.0021631
10.07	0	0.0021543
10.075	0	0.0021456
10.08	0	0.0021369
10.085	0	0.0021282
10.09	0	0.0021195
10.095	0	0.0021109
10.1	0	0.0021023
10.105	0	0.0020937
10.11	0	0.0020852
10.115	0	0.0020767
10.12	0	0.0020682
10.125	0	0.0020597
10.13	0	0.0020513
10.135	0	0.0020429
10.14	0	0.0020345
10.145	0	0.0020261
10.15	0	0.0020178
10.155	0	0.0020095
10.16	0	0.0020013
10.165	0	0.001993
10.17	0	0.0019848
10.175	0	0.0019766
10.18	0	0.0019685
10.185	0	0.0019604
10.19	0	0.0019522
10.195	0	0.0019442
10.2	0	0.0019361
10.205	0	0.0019281
10.21	0	0.0019201
10.215	0	0.0019121
10.22	0	0.0019042
10.225	0	0.0018963
10.23	0	0.0018884
10.235	0	0.0018806
10.24	0	0.0018727
10.245	0	0.0018649
10.25	0	0.0018571
10.255	0	0.0018494
10.26	0	0.0018417
10.265	0	0.001834
10.27	0	0.0018263
10.275	0	0.0018186
10.28	0	0.001811
10.285	0	0.0018034
10.29	0	0.0017959
10.295	0	0.0017883
10.3	0	0.0017808
10.305	0	0.0017733
10.31	0	0.0017658
10.315	0	0.0017584
10.32	0	0.001751
10.325	0	0.0017436
10.33	0	0.0017362
10.335	0	0.0017289
10.34	0	0.0017216
10.345	0	0.0017143
10.35	0	0.0017071
10.355	0	0.0016998
10.36	0	0.0016926
10.365	0	0.0016854
10.37	0	0.0016783
10.375	0	0.0016711
10.38	0	0.001664
10.385	0	0.0016569
10.39	0	0.0016499
10.395	0	0.0016428
10.4	0	0.0016358
10.405	0	0.0016289
10.41	0	0.0016219
10.415	0	0.001615
10.42	0	0.001608
10.425	0	0.0016012
10.43	0	0.0015943
10.435	0	0.0015875
10.44	0	0.0015806
10.445	0	0.0015739
10.45	0	0.0015671
10.455	0	0.0015603
10.46	0	0.0015536
10.465	0	0.0015469
10.47	0	0.0015403
10.475	0	0.0015336
10.48	0	0.001527
10.485	0	0.0015204
10.49	0	0.0015138
10.495	0	0.0015073
10.5	0	0.0015008
10.505	0	0.0014942
10.51	0	0.0014878
10.515	0	0.0014813
10.52	0	0.0014749
10.525	0	0.0014685
10.53	0	0.0014621
10.535	0	0.0014557
10.54	0	0.0014494
10.545	0	0.0014431
10.55	0	0.0014368
10.555	0	0.0014305
10.56	0	0.0014242
10.565	0	0.001418
10.57	0	0.0014118
10.575	0	0.0014056
10.58	0	0.0013995
10.585	0	0.0013933
10.59	0	0.0013872
10.595	0	0.0013811
10.6	0	0.0013751
10.605	0	0.001369
10.61	0	0.001363
10.615	0	0.001357
10.62	0	0.001351
10.625	0	0.0013451
10.63	0	0.0013391
10.635	0	0.0013332
10.64	0	0.0013273
10.645	0	0.0013214
10.65	0	0.0013156
10.655	0	0.0013098
10.66	0	0.001304
10.665	0	0.0012982
10.67	0	0.0012924
10.675	0	0.0012867
10.68	0	0.001281
10.685	0	0.0012753
10.69	0	0.0012696
10.695	0	0.0012639
10.7	0	0.0012583
10.705	0	0.0012527
10.71	0	0.0012471
10.715	0	0.0012415
10.72	0	0.001236
10.725	0	0.0012304
10.73	0	0.0012249
10.735	0	0.0012194
10.74	0	0.001214
10.745	0	0.0012085
10.75	0	0.0012031
10.755	0	0.0011977
10.76	0	0.0011923
10.765	0	0.001187
10.77	0	0.0011816
10.775	0	0.0011763
10.78	0	0.001171
10.785	0	0.0011657
10.79	0	0.0011604
10.795	0	0.0011552
10.8	0	0.00115
10.805	0	0.0011448
10.81	0	0.0011396
10.815	0	0.0011344
10.82	0	0.0011293
10.825	0	0.0011242
10.83	0	0.0011191
10.835	0	0.001114
10.84	0	0.0011089
10.845	0	0.0011039
10.85	0	0.0010988
10.855	0	0.0010938
10.86	0	0.0010889
10.865	0	0.0010839
10.87	0	0.0010789
10.875	0	0.001074
10.88	0	0.0010691
10.885	0	0.0010642
10.89	0	0.0010593
10.895	0	0.0010545
10.9	0	0.0010497
10.905	0	0.0010448
10.91	0	0.00104
10.915	0	0.0010353
10.92	0	0.0010305
10.925	0	0.0010258
10.93	0	0.001021
10.935	0	0.0010163
10.94	0	0.0010117
10.945	0	0.001007
10.95	0	0.0010023
10.955	0	0.00099772
10.96	0	0.00099311
10.965	0	0.00098852
10.97	0	0.00098394
10.975	0	0.00097938
10.98	0	0.00097485
10.985	0	0.00097033
10.99	0	0.00096582
10.995	0	0.00096134
11	0	0.00095687
11.005	0	0.00095242
11.01	0	0.00094799
11.015	0	0.00094358
11.02	0	0.00093918
11.025	0	0.0009348
11.03	0	0.00093044
11.035	0	0.0009261
11.04	0	0.00092177
11.045	0	0.00091746
11.05	0	0.00091317
11.055	0	0.0009089
11.06	0	0.00090464
11.065	0	0.0009004
11.07	0	0.00089618
11.075	0	0.00089197
11.08	0	0.00088778
11.085	0	0.00088361
11.09	0	0.00087945
11.095	0	0.00087531
11.1	0	0.00087119
11.105	0	0.00086709
11.11	0	0.000863
11.115	0	0.00085893
11.12	0	0.00085487
11.125	0	0.00085083
11.13	0	0.00084681
11.135	0	0.0008428
11.14	0	0.00083881
11.145	0	0.00083484
11.15	0	0.00083088
11.155	0	0.00082694
11.16	0	0.00082301
11.165	0	0.00081911
11.17	0	0.00081521
11.175	0	0.00081134
11.18	0	0.00080747
11.185	0	0.00080363
11.19	0	0.0007998
11.195	0	0.00079599
11.2	0	0.00079219
11.205	0	0.0007884
11.21	0	0.00078464
11.215	0	0.00078089
11.22	0	0.00077715
11.225	0	0.00077343
11.23	0	0.00076973
11.235	0	0.00076604
11.24	0	0.00076236
11.245	0	0.0007587
11.25	0	0.00075506
11.255	0	0.00075143
11.26	0	0.00074782
11.265	0	0.00074422
11.27	0	0.00074063
11.275	0	0.00073707
11.28	0	0.00073351
11.285	0	0.00072997
11.29	0	0.00072645
11.295	0	0.00072294
11.3	0	0.00071944
11.305	0	0.00071596
11.31	0	0.0007125
11.315	0	0.00070905
11.32	0	0.00070561
11.325	0	0.00070219
11.33	0	0.00069878
11.335	0	0.00069539
11.34	0	0.00069201
11.345	0	0.00068865
11.35	0	0.0006853
11.355	0	0.00068196
11.36	0	0.00067864
11.365	0	0.00067533
11.37	0	0.00067204
11.375	0	0.00066876
11.38	0	0.00066549
11.385	0	0.00066224
11.39	0	0.000659
11.395	0	0.00065578
11.4	0	0.00065257
11.405	0	0.00064937
11.41	0	0.00064619
11.415	0	0.00064302
11.42	0	0.00063986
11.425	0	0.00063672
11.43	0	0.00063359
11.435	0	0.00063047
11.44	0	0.00062737
11.445	0	0.00062428
11.45	0	0.0006212
11.455	0	0.00061814
11.46	0	0.00061509
11.465	0	0.00061206
11.47	0	0.00060903
11.475	0	0.00060602
11.48	0	0.00060303
11.485	0	0.00060004
11.49	0	0.00059707
11.495	0	0.00059411
11.5	0	0.00059117
11.505	0	0.00058823
11.51	0	0.00058531
11.515	0	0.00058241
11.52	0	0.00057951
11.525	0	0.00057663
11.53	0	0.00057376
11.535	0	0.0005709
11.54	0	0.00056806
11.545	0	0.00056523
11.55	0	0.00056241
11.555	0	0.0005596
11.56	0	0.0005568
11.565	0	0.00055402
11.57	0	0.00055125
11.575	0	0.00054849
11.58	0	0.00054574
11.585	0	0.00054301
11.59	0	0.00054029
11.595	0	0.00053758
11.6	0	0.00053488
11.605	0	0.00053219
11.61	0	0.00052952
11.615	0	0.00052685
11.62	0	0.0005242
11.625	0	0.00052156
11.63	0	0.00051894
11.635	0	0.00051632
11.64	0	0.00051372
11.645	0	0.00051112
11.65	0	0.00050854
11.655	0	0.00050597
11.66	0	0.00050341
11.665	0	0.00050087
11.67	0	0.00049833
11.675	0	0.00049581
11.68	0	0.00049329
11.685	0	0.00049079
11.69	0	0.0004883
11.695	0	0.00048582
11.7	0	0.00048335
11.705	0	0.00048089
11.71	0	0.00047845
11.715	0	0.00047601
11.72	0	0.00047359
11.725	0	0.00047117
11.73	0	0.00046877
11.735	0	0.00046638
11.74	0	0.000464
11.745	0	0.00046163
11.75	0	0.00045927
11.755	0	0.00045692
11.76	0	0.00045458
11.765	0	0.00045225
11.77	0	0.00044993
11.775	0	0.00044763
11.78	0	0.00044533
11.785	0	0.00044304
11.79	0	0.00044077
11.795	0	0.0004385
11.8	0	0.00043625
11.805	0	0.000434
11.81	0	0.00043177
11.815	0	0.00042954
11.82	0	0.00042733
11.825	0	0.00042513
11.83	0	0.00042293
11.835	0	0.00042075
11.84	0	0.00041857
11.845	0	0.00041641
11.85	0	0.00041426
11.855	0	0.00041211
11.86	0	0.00040998
11.865	0	0.00040785
11.87	0	0.00040574
11.875	0	0.00040363
11.88	0	0.00040154
11.885	0	0.00039945
11.89	0	0.00039737
11.895	0	0.00039531
11.9	0	0.00039325
11.905	0	0.0003912
11.91	0	0.00038916
11.915	0	0.00038714
11.92	0	0.00038512
11.925	0	0.00038311
11.93	0	0.00038111
11.935	0	0.00037911
11.94	0	0.00037713
11.945	0	0.00037516
11.95	0	0.00037319
11.955	0	0.00037124
11.96	0	0.00036929
11.965	0	0.00036736
11.97	0	0.00036543
11.975	0	0.00036351
11.98	0	0.0003616
11.985	0	0.0003597
11.99	0	0.00035781
11.995	0	0.00035593
12	0	0.00035405
12.005	0	0.00035219
12.01	0	0.00035033
12.015	0	0.00034848
12.02	0	0.00034664
12.025	0	0.00034481
12.03	0	0.00034299
12.035	0	0.00034118
12.04	0	0.00033937
12.045	0	0.00033758
12.05	0	0.00033579
12.055	0	0.00033401
12.06	0	0.00033224
12.065	0	0.00033048
12.07	0	0.00032872
12.075	0	0.00032698
12.08	0	0.00032524
12.085	0	0.00032351
12.09	0	0.00032179
12.095	0	0.00032008
12.1	0	0.00031837
12.105	0	0.00031668
12.11	0	0.00031499
12.115	0	0.00031331
12.12	0	0.00031163
12.125	0	0.00030997
12.13	0	0.00030831
12.135	0	0.00030666
12.14	0	0.00030502
12.145	0	0.00030339
12.15	0	0.00030176
12.155	0	0.00030015
12.16	0	0.00029854
12.165	0	0.00029694
12.17	0	0.00029534
12.175	0	0.00029376
12.18	0	0.00029218
12.185	0	0.0002906
12.19	0	0.00028904
12.195	0	0.00028748
12.2	0	0.00028594
12.205	0	0.00028439
12.21	0	0.00028286
12.215	0	0.00028133
12.22	0	0.00027982
12.225	0	0.0002783
12.23	0	0.0002768
12.235	0	0.0002753
12.24	0	0.00027381
12.245	0	0.00027233
12.25	0	0.00027085
12.255	0	0.00026939
12.26	0	0.00026793
12.265	0	0.00026647
12.27	0	0.00026502
12.275	0	0.00026358
12.28	0	0.00026215
12.285	0	0.00026073
12.29	0	0.00025931
12.295	0	0.0002579
12.3	0	0.00025649
12.305	0	0.00025509
12.31	0	0.0002537
12.315	0	0.00025232
12.32	0	0.00025094
12.325	0	0.00024957
12.33	0	0.0002482
12.335	0	0.00024685
12.34	0	0.00024549
12.345	0	0.00024415
12.35	0	0.00024281
12.355	0	0.00024148
12.36	0	0.00024016
12.365	0	0.00023884
12.37	0	0.00023753
12.375	0	0.00023622
12.38	0	0.00023493
12.385	0	0.00023363
12.39	0	0.00023235
12.395	0	0.00023107
12.4	0	0.0002298
12.405	0	0.00022853
12.41	0	0.00022727
12.415	0	0.00022601
12.42	0	0.00022477
12.425	0	0.00022352
12.43	0	0.00022229
12.435	0	0.00022106
12.44	0	0.00021984
12.445	0	0.00021862
12.45	0	0.00021741
12.455	0	0.0002162
12.46	0	0.000215
12.465	0	0.00021381
12.47	0	0.00021262
12.475	0	0.00021144
12.48	0	0.00021027
12.485	0	0.0002091
12.49	0	0.00020794
12.495	0	0.00020678
12.5	0	0.00020563
12.505	0	0.00020448
12.51	0	0.00020334
12.515	0	0.00020221
12.52	0	0.00020108
12.525	0	0.00019995
12.53	0	0.00019884
12.535	0	0.00019773
12.54	0	0.00019662
12.545	0	0.00019552
12.55	0	0.00019442
12.555	0	0.00019333
12.56	0	0.00019225
12.565	0	0.00019117
12.57	0	0.0001901
12.575	0	0.00018903
12.58	0	0.00018797
12.585	0	0.00018691
12.59	0	0.00018586
12.595	0	0.00018482
12.6	0	0.00018378
12.605	0	0.00018274
12.61	0	0.00018171
12.615	0	0.00018069
12.62	0	0.00017967
12.625	0	0.00017865
12.63	0	0.00017764
12.635	0	0.00017664
12.64	0	0.00017564
12.645	0	0.00017465
12.65	0	0.00017366
12.655	0	0.00017267
12.66	0	0.00017169
12.665	0	0.00017072
12.67	0	0.00016975
12.675	0	0.00016879
12.68	0	0.00016783
12.685	0	0.00016688
12.69	0	0.00016593
12.695	0	0.00016498
12.7	0	0.00016405
12.705	0	0.00016311
12.71	0	0.00016218
12.715	0	0.00016126
12.72	0	0.00016034
12.725	0	0.00015942
12.73	0	0.00015851
12.735	0	0.00015761
12.74	0	0.00015671
12.745	0	0.00015581
12.75	0	0.00015492
12.755	0	0.00015403
12.76	0	0.00015315
12.765	0	0.00015227
12.77	0	0.0001514
12.775	0	0.00015053
12.78	0	0.00014967
12.785	0	0.00014881
12.79	0	0.00014795
12.795	0	0.0001471
12.8	0	0.00014625
12.805	0	0.00014541
12.81	0	0.00014458
12.815	0	0.00014374
12.82	0	0.00014291
12.825	0	0.00014209
12.83	0	0.00014127
12.835	0	0.00014045
12.84	0	0.00013964
12.845	0	0.00013884
12.85	0	0.00013803
12.855	0	0.00013723
12.86	0	0.00013644
12.865	0	0.00013565
12.87	0	0.00013486
12.875	0	0.00013408
12.88	0	0.0001333
12.885	0	0.00013253
12.89	0	0.00013176
12.895	0	0.000131
12.9	0	0.00013023
12.905	0	0.00012948
12.91	0	0.00012872
12.915	0	0.00012797
12.92	0	0.00012723
12.925	0	0.00012649
12.93	0	0.00012575
12.935	0	0.00012502
12.94	0	0.00012429
12.945	0	0.00012356
12.95	0	0.00012284
12.955	0	0.00012212
12.96	0	0.00012141
12.965	0	0.00012069
12.97	0	0.00011999
12.975	0	0.00011929
12.98	0	0.00011859
12.985	0	0.00011789
12.99	0	0.0001172
12.995	0	0.00011651
13	0	0.00011583
13.005	0	0.00011515
13.01	0	0.00011447
13.015	0	0.0001138
13.02	0	0.00011313
13.025	0	0.00011246
13.03	0	0.0001118
13.035	0	0.00011114
13.04	0	0.00011048
13.045	0	0.00010983
13.05	0	0.00010918
13.055	0	0.00010854
13.06	0	0.00010789
13.065	0	0.00010726
13.07	0	0.00010662
13.075	0	0.00010599
13.08	0	0.00010536
13.085	0	0.00010474
13.09	0	0.00010412
13.095	0	0.0001035
13.1	0	0.00010289
13.105	0	0.00010228
13.11	0	0.00010167
13.115	0	0.00010106
13.12	0	0.00010046
13.125	0	9.9865e-005
13.13	0	9.927e-005
13.135	0	9.8679e-005
13.14	0	9.8091e-005
13.145	0	9.7506e-005
13.15	0	9.6924e-005
13.155	0	9.6346e-005
13.16	0	9.577e-005
13.165	0	9.5198e-005
13.17	0	9.4629e-005
13.175	0	9.4063e-005
13.18	0	9.35e-005
13.185	0	9.2941e-005
13.19	0	9.2384e-005
13.195	0	9.183e-005
13.2	0	9.128e-005
13.205	0	9.0732e-005
13.21	0	9.0187e-005
13.215	0	8.9646e-005
13.22	0	8.9107e-005
13.225	0	8.8572e-005
13.23	0	8.8039e-005
13.235	0	8.7509e-005
13.24	0	8.6982e-005
13.245	0	8.6458e-005
13.25	0	8.5937e-005
13.255	0	8.5419e-005
13.26	0	8.4904e-005
13.265	0	8.4391e-005
13.27	0	8.3882e-005
13.275	0	8.3375e-005
13.28	0	8.2871e-005
13.285	0	8.237e-005
13.29	0	8.1871e-005
13.295	0	8.1376e-005
13.3	0	8.0883e-005
13.305	0	8.0393e-005
13.31	0	7.9905e-005
13.315	0	7.942e-005
13.32	0	7.8938e-005
13.325	0	7.8459e-005
13.33	0	7.7982e-005
13.335	0	7.7508e-005
13.34	0	7.7037e-005
13.345	0	7.6568e-005
13.35	0	7.6102e-005
13.355	0	7.5639e-005
13.36	0	7.5178e-005
13.365	0	7.4719e-005
13.37	0	7.4263e-005
13.375	0	7.381e-005
13.38	0	7.3359e-005
13.385	0	7.2911e-005
13.39	0	7.2466e-005
13.395	0	7.2022e-005
13.4	0	7.1582e-005
13.405	0	7.1144e-005
13.41	0	7.0708e-005
13.415	0	7.0275e-005
13.42	0	6.9844e-005
13.425	0	6.9415e-005
13.43	0	6.8989e-005
13.435	0	6.8566e-005
13.44	0	6.8145e-005
13.445	0	6.7726e-005
13.45	0	6.7309e-005
13.455	0	6.6895e-005
13.46	0	6.6483e-005
13.465	0	6.6074e-005
13.47	0	6.5667e-005
13.475	0	6.5262e-005
13.48	0	6.486e-005
13.485	0	6.4459e-005
13.49	0	6.4061e-005
13.495	0	6.3666e-005
13.5	0	6.3272e-005
13.505	0	6.2881e-005
13.51	0	6.2492e-005
13.515	0	6.2105e-005
13.52	0	6.1721e-005
13.525	0	6.1338e-005
13.53	0	6.0958e-005
13.535	0	6.058e-005
13.54	0	6.0204e-005
13.545	0	5.983e-005
13.55	0	5.9459e-005
13.555	0	5.9089e-005
13.56	0	5.8722e-005
13.565	0	5.8357e-005
13.57	0	5.7994e-005
13.575	0	5.7632e-005
13.58	0	5.7273e-005
13.585	0	5.6917e-005
13.59	0	5.6562e-005
13.595	0	5.6209e-005
13.6	0	5.5858e-005
13.605	0	5.5509e-005
13.61	0	5.5162e-005
13.615	0	5.4817e-005
13.62	0	5.4475e-005
13.625	0	5.4134e-005
13.63	0	5.3795e-005
13.635	0	5.3458e-005
13.64	0	5.3123e-005
13.645	0	5.279e-005
13.65	0	5.2459e-005
13.655	0	5.213e-005
13.66	0	5.1802e-005
13.665	0	5.1477e-005
13.67	0	5.1153e-005
13.675	0	5.0832e-005
13.68	0	5.0512e-005
13.685	0	5.0194e-005
13.69	0	4.9878e-005
13.695	0	4.9564e-005
13.7	0	4.9251e-005
13.705	0	4.8941e-005
13.71	0	4.8632e-005
13.715	0	4.8325e-005
13.72	0	4.802e-005
13.725	0	4.7716e-005
13.73	0	4.7414e-005
13.735	0	4.7115e-005
13.74	0	4.6816e-005
13.745	0	4.652e-005
13.75	0	4.6225e-005
13.755	0	4.5932e-005
13.76	0	4.5641e-005
13.765	0	4.5352e-005
13.77	0	4.5064e-005
13.775	0	4.4778e-005
13.78	0	4.4493e-005
13.785	0	4.421e-005
13.79	0	4.3929e-005
13.795	0	4.365e-005
13.8	0	4.3372e-005
13.805	0	4.3096e-005
13.81	0	4.2821e-005
13.815	0	4.2548e-005
13.82	0	4.2277e-005
13.825	0	4.2007e-005
13.83	0	4.1739e-005
13.835	0	4.1472e-005
13.84	0	4.1207e-005
13.845	0	4.0944e-005
13.85	0	4.0682e-005
13.855	0	4.0421e-005
13.86	0	4.0163e-005
13.865	0	3.9905e-005
13.87	0	3.965e-005
13.875	0	3.9395e-005
13.88	0	3.9143e-005
13.885	0	3.8891e-005
13.89	0	3.8642e-005
13.895	0	3.8393e-005
13.9	0	3.8147e-005
13.905	0	3.7901e-005
13.91	0	3.7657e-005
13.915	0	3.7415e-005
13.92	0	3.7174e-005
13.925	0	3.6934e-005
13.93	0	3.6696e-005
13.935	0	3.646e-005
13.94	0	3.6224e-005
13.945	0	3.5991e-005
13.95	0	3.5758e-005
13.955	0	3.5527e-005
13.96	0	3.5297e-005
13.965	0	3.5069e-005
13.97	0	3.4842e-005
13.975	0	3.4617e-005
13.98	0	3.4392e-005
13.985	0	3.4169e-005
13.99	0	3.3948e-005
13.995	0	3.3728e-005
14	0	3.3509e-005
14.005	0	3.3291e-005
14.01	0	3.3075e-005
14.015	0	3.286e-005
14.02	0	3.2646e-005
14.025	0	3.2434e-005
14.03	0	3.2223e-005
14.035	0	3.2013e-005
14.04	0	3.1804e-005
14.045	0	3.1597e-005
14.05	0	3.1391e-005
14.055	0	3.1186e-005
14.06	0	3.0982e-005
14.065	0	3.078e-005
14.07	0	3.0579e-005
14.075	0	3.0379e-005
14.08	0	3.018e-005
14.085	0	2.9983e-005
14.09	0	2.9787e-005
14.095	0	2.9592e-005
14.1	0	2.9398e-005
14.105	0	2.9205e-005
14.11	0	2.9013e-005
14.115	0	2.8823e-005
14.12	0	2.8634e-005
14.125	0	2.8446e-005
14.13	0	2.8259e-005
14.135	0	2.8073e-005
14.14	0	2.7888e-005
14.145	0	2.7705e-005
14.15	0	2.7522e-005
14.155	0	2.7341e-005
14.16	0	2.7161e-005
14.165	0	2.6982e-005
14.17	0	2.6804e-005
14.175	0	2.6627e-005
14.18	0	2.6451e-005
14.185	0	2.6276e-005
14.19	0	2.6103e-005
14.195	0	2.593e-005
14.2	0	2.5758e-005
14.205	0	2.5588e-005
14.21	0	2.5418e-005
14.215	0	2.525e-005
14.22	0	2.5083e-005
14.225	0	2.4916e-005
14.23	0	2.4751e-005
14.235	0	2.4587e-005
14.24	0	2.4423e-005
14.245	0	2.4261e-005
14.25	0	2.41e-005
14.255	0	2.394e-005
14.26	0	2.378e-005
14.265	0	2.3622e-005
14.27	0	2.3465e-005
14.275	0	2.3308e-005
14.28	0	2.3153e-005
14.285	0	2.2998e-005
14.29	0	2.2845e-005
14.295	0	2.2693e-005
14.3	0	2.2541e-005
14.305	0	2.239e-005
14.31	0	2.2241e-005
14.315	0	2.2092e-005
14.32	0	2.1944e-005
14.325	0	2.1797e-005
14.33	0	2.1651e-005
14.335	0	2.1506e-005
14.34	0	2.1362e-005
14.345	0	2.1219e-005
14.35	0	2.1076e-005
14.355	0	2.0935e-005
14.36	0	2.0794e-005
14.365	0	2.0654e-005
14.37	0	2.0515e-005
14.375	0	2.0377e-005
14.38	0	2.024e-005
14.385	0	2.0104e-005
14.39	0	1.9969e-005
14.395	0	1.9834e-005
14.4	0	1.97e-005
14.405	0	1.9567e-005
14.41	0	1.9435e-005
14.415	0	1.9304e-005
14.42	0	1.9174e-005
14.425	0	1.9044e-005
14.43	0	1.8915e-005
14.435	0	1.8787e-005
14.44	0	1.866e-005
14.445	0	1.8534e-005
14.45	0	1.8408e-005
14.455	0	1.8284e-005
14.46	0	1.816e-005
14.465	0	1.8036e-005
14.47	0	1.7914e-005
14.475	0	1.7792e-005
14.48	0	1.7671e-005
14.485	0	1.7551e-005
14.49	0	1.7432e-005
14.495	0	1.7313e-005
14.5	0	1.7196e-005
14.505	0	1.7078e-005
14.51	0	1.6962e-005
14.515	0	1.6846e-005
14.52	0	1.6732e-005
14.525	0	1.6617e-005
14.53	0	1.6504e-005
14.535	0	1.6391e-005
14.54	0	1.6279e-005
14.545	0	1.6168e-005
14.55	0	1.6057e-005
14.555	0	1.5948e-005
14.56	0	1.5838e-005
14.565	0	1.573e-005
14.57	0	1.5622e-005
14.575	0	1.5515e-005
14.58	0	1.5409e-005
14.585	0	1.5303e-005
14.59	0	1.5198e-005
14.595	0	1.5094e-005
14.6	0	1.499e-005
14.605	0	1.4887e-005
14.61	0	1.4785e-005
14.615	0	1.4683e-005
14.62	0	1.4582e-005
14.625	0	1.4481e-005
14.63	0	1.4382e-005
14.635	0	1.4282e-005
14.64	0	1.4184e-005
14.645	0	1.4086e-005
14.65	0	1.3989e-005
14.655	0	1.3892e-005
14.66	0	1.3796e-005
14.665	0	1.3701e-005
14.67	0	1.3606e-005
14.675	0	1.3512e-005
14.68	0	1.3418e-005
14.685	0	1.3326e-005
14.69	0	1.3233e-005
14.695	0	1.3142e-005
14.7	0	1.305e-005
14.705	0	1.296e-005
14.71	0	1.287e-005
14.715	0	1.2781e-005
14.72	0	1.2692e-005
14.725	0	1.2603e-005
14.73	0	1.2516e-005
14.735	0	1.2429e-005
14.74	0	1.2342e-005
14.745	0	1.2256e-005
14.75	0	1.2171e-005
14.755	0	1.2086e-005
14.76	0	1.2002e-005
14.765	0	1.1918e-005
14.77	0	1.1835e-005
14.775	0	1.1752e-005
14.78	0	1.167e-005
14.785	0	1.1589e-005
14.79	0	1.1508e-005
14.795	0	1.1427e-005
14.8	0	1.1347e-005
14.805	0	1.1268e-005
14.81	0	1.1189e-005
14.815	0	1.111e-005
14.82	0	1.1032e-005
14.825	0	1.0955e-005
14.83	0	1.0878e-005
14.835	0	1.0802e-005
14.84	0	1.0726e-005
14.845	0	1.065e-005
14.85	0	1.0575e-005
14.855	0	1.0501e-005
14.86	0	1.0427e-005
14.865	0	1.0354e-005
14.87	0	1.0281e-005
14.875	0	1.0208e-005
14.88	0	1.0136e-005
14.885	0	1.0065e-005
14.89	0	9.9938e-006
14.895	0	9.9232e-006
14.9	0	9.8531e-006
14.905	0	9.7835e-006
14.91	0	9.7143e-006
14.915	0	9.6456e-006
14.92	0	9.5773e-006
14.925	0	9.5095e-006
14.93	0	9.4422e-006
14.935	0	9.3753e-006
14.94	0	9.3088e-006
14.945	0	9.2427e-006
14.95	0	9.1772e-006
14.955	0	9.112e-006
14.96	0	9.0473e-006
14.965	0	8.983e-006
14.97	0	8.9191e-006
14.975	0	8.8557e-006
14.98	0	8.7926e-006
14.985	0	8.73e-006
14.99	0	8.6679e-006
14.995	0	8.6061e-006
15	0	4.28e-006
